0   0   0   2   0   0   0   0   4   0   0   0   0   0   0   0   d   

0   0   0   2   0   0   0   0   4   0   0   4   0   0   0   0   w   

4   0   2   2   0   0   0   4   0   0   0   0   0   0   0   0   a   

4   4   0   0   4   0   0   2   0   0   0   0   0   0   0   0   w   

8   4   0   2   0   0   0   0   0   0   0   0   4   0   0   0   a   

8   4   2   0   0   2   0   0   0   0   0   0   4   0   0   0   s   

0   2   0   0   0   0   0   0   8   4   0   0   4   2   2   0   d   

4   0   0   2   0   0   0   0   0   0   8   4   0   0   4   4   d   

0   0   4   2   0   0   0   0   0   0   8   4   0   4   0   8   w   

0   4   4   2   0   0   8   4   0   0   0   8   2   0   0   0   w   

2   4   4   2   2   0   8   4   0   0   0   8   0   0   0   0   d   

2   2   8   2   0   2   8   4   0   0   0   8   0   0   0   0   w   

2   4   16   2   0   0   0   4   0   0   2   8   0   0   0   0   w   

2   4   16   2   0   0   2   4   0   0   0   8   0   0   0   2   a   

2   4   16   2   2   4   2   0   8   0   0   0   2   0   0   0   w   

4   8   16   2   8   0   2   0   2   0   0   2   0   0   0   0   w   

4   8   16   4   8   4   2   0   2   0   0   0   0   0   0   0   s   

4   0   0   0   4   0   0   0   8   8   16   0   2   4   2   4   s   

0   0   0   0   8   0   2   0   8   8   16   0   2   4   2   4   w   

16   8   2   4   2   4   16   0   0   0   2   0   0   2   0   0   s   

0   0   2   0   0   8   2   0   16   4   16   0   2   2   2   4   w   

16   8   4   4   2   4   16   0   2   2   2   0   0   0   0   0   a   

16   8   8   0   2   4   16   0   4   2   4   0   0   0   0   0   s   

4   0   0   0   16   8   8   0   2   4   16   0   4   2   4   0   w   

4   8   8   0   16   4   16   0   2   2   4   0   4   0   4   0   d   

0   0   4   16   0   16   4   16   0   0   4   4   0   0   4   8   s   

0   0   0   0   0   0   0   32   0   0   8   4   4   16   8   8   a   

0   0   4   0   32   0   0   0   8   4   0   0   4   16   16   0   d   

0   0   0   4   0   4   0   32   0   0   8   4   0   0   4   32   d   

0   0   0   4   2   0   4   32   0   0   8   4   0   0   4   32   s   

0   0   0   4   0   0   4   32   0   4   8   4   2   0   4   32   d   

0   0   0   4   0   2   4   32   0   4   8   4   0   2   4   32   w   

0   2   4   4   0   4   8   32   0   2   4   4   0   0   4   32   a   

2   8   4   0   4   8   32   0   2   8   0   0   4   32   0   0   d   

0   2   8   4   2   4   8   32   0   0   2   8   0   0   4   32   a   

2   8   4   0   2   4   8   32   2   8   0   0   4   32   4   0   s   

0   8   0   0   2   4   4   0   4   8   8   4   4   32   4   32   d   

0   0   0   8   4   0   2   8   0   4   16   4   4   32   4   32   a   

8   0   0   0   4   2   8   0   4   16   4   2   4   32   4   32   s   

0   0   0   4   8   2   0   0   4   16   8   2   8   32   8   32   w   

8   2   16   4   4   16   0   2   8   32   0   32   0   4   0   0   a   

8   2   16   4   4   16   2   0   8   64   0   0   4   0   0   4   d   

8   2   16   4   0   4   16   2   0   2   8   64   0   0   0   8   a   

8   2   16   4   4   16   2   0   2   8   64   0   8   2   0   0   d   

8   2   16   4   0   4   16   2   2   2   8   64   0   0   8   2   d   

8   2   16   4   2   4   16   2   0   4   8   64   0   0   8   2   w   

8   2   32   4   2   8   16   2   4   0   0   64   0   0   0   2   d   

8   2   32   4   2   8   16   2   0   0   4   64   4   0   0   2   w   

8   2   32   4   2   8   16   2   4   4   4   64   0   0   0   2   d   

8   2   32   4   2   8   16   2   0   4   8   64   0   2   0   2   s   

0   2   2   4   0   8   32   2   8   4   16   64   2   2   8   2   d   

0   2   4   4   0   8   32   2   8   4   16   64   0   4   8   2   s   

0   0   4   4   0   2   32   2   4   8   16   64   8   8   8   2   a   

8   0   2   0   2   32   2   0   4   8   16   64   16   8   2   0   w   

8   32   4   64   2   16   16   0   4   0   2   0   16   2   0   0   d   

8   32   4   64   0   0   2   32   0   0   4   2   2   0   16   2   s   

0   0   4   0   0   0   2   64   8   4   4   32   2   32   16   4   d   

0   0   0   4   4   0   2   64   0   8   8   32   2   32   16   4   w   

4   8   2   4   2   32   8   64   4   0   16   32   0   0   0   4   a   

4   8   2   4   2   32   8   64   4   16   32   0   4   0   0   2   d   

4   8   2   4   2   32   8   64   0   4   16   32   0   4   4   2   a   

4   8   2   4   2   32   8   64   4   16   32   4   8   2   0   0   d   

4   8   2   4   2   32   8   64   4   16   32   4   2   0   8   2   d   

4   8   2   4   2   32   8   64   4   16   32   4   4   2   8   2   w   

4   8   2   4   2   32   8   64   8   16   32   4   2   2   8   2   a   

4   8   2   4   2   32   8   64   8   16   32   4   4   8   2   4   s   

4   8   2   4   2   32   8   4   8   16   32   64   4   8   2   8   s   

4   8   2   2   2   32   8   8   8   16   32   64   4   8   2   8   d   

2   4   8   4   0   2   32   16   8   16   32   64   4   8   2   8   w   

2   4   8   4   8   2   64   16   4   16   2   64   0   8   4   8   s   

2   4   8   4   2   2   64   16   8   16   2   64   4   8   4   8   s   

4   4   8   4   4   2   64   16   8   16   2   64   4   8   4   8   a   

8   8   4   2   4   2   64   16   8   16   2   64   4   8   4   8   a   

16   4   2   4   4   2   64   16   8   16   2   64   4   8   4   8   

