[4, 0, 0, 0, 0, 0, 2, 0, 0, 0, 0, 0, 0, 0, 0, 0, 'd']
[0, 0, 4, 4, 0, 0, 0, 2, 0, 0, 0, 0, 0, 0, 0, 0, 'd']
[0, 0, 0, 8, 0, 2, 0, 2, 0, 0, 0, 0, 0, 0, 0, 0, 'd']
[4, 0, 0, 8, 0, 0, 0, 4, 0, 0, 0, 0, 0, 0, 0, 0, 'd']
[0, 0, 4, 8, 0, 0, 0, 4, 0, 2, 0, 0, 0, 0, 0, 0, 'd']
[0, 0, 4, 8, 0, 0, 0, 4, 0, 0, 0, 2, 0, 0, 0, 2, 's']
[0, 0, 0, 0, 0, 0, 0, 8, 0, 0, 0, 4, 0, 4, 4, 4, 's']
[0, 0, 0, 2, 0, 0, 0, 0, 0, 0, 0, 8, 0, 4, 4, 8, 's']
[0, 0, 0, 0, 0, 0, 0, 0, 0, 0, 0, 2, 2, 4, 4, 16, 'a']
[2, 0, 0, 0, 0, 0, 0, 0, 2, 0, 0, 0, 2, 8, 16, 0, 'd']
[0, 0, 0, 2, 0, 0, 0, 0, 0, 0, 2, 2, 0, 2, 8, 16, 'd']
[0, 0, 0, 2, 0, 0, 0, 0, 0, 0, 2, 4, 0, 2, 8, 16, 's']
[0, 0, 2, 0, 0, 0, 0, 2, 0, 0, 2, 4, 0, 2, 8, 16, 's']
[0, 2, 0, 0, 0, 0, 0, 2, 0, 0, 4, 4, 0, 2, 8, 16, 's']
[0, 0, 0, 0, 0, 0, 0, 2, 0, 0, 4, 4, 2, 4, 8, 16, 'a']
[0, 0, 0, 0, 2, 0, 2, 0, 8, 0, 0, 0, 2, 4, 8, 16, 's']
[0, 0, 2, 0, 2, 0, 0, 0, 8, 0, 2, 0, 2, 4, 8, 16, 'd']
[0, 0, 0, 2, 0, 0, 0, 2, 0, 2, 8, 2, 2, 4, 8, 16, 's']
[0, 2, 0, 0, 0, 0, 0, 2, 0, 2, 0, 4, 2, 4, 16, 16, 'd']
[0, 4, 0, 2, 0, 0, 0, 2, 0, 0, 2, 4, 0, 2, 4, 32, 'd']
[2, 0, 4, 2, 0, 0, 0, 2, 0, 0, 2, 4, 0, 2, 4, 32, 'd']
[0, 2, 4, 2, 0, 0, 0, 2, 0, 4, 2, 4, 0, 2, 4, 32, 'a']
[2, 4, 2, 2, 2, 0, 0, 0, 4, 2, 4, 0, 2, 4, 32, 0, 'd']
[2, 2, 4, 4, 0, 0, 0, 2, 0, 4, 2, 4, 0, 2, 4, 32, 'd']
[0, 0, 4, 8, 2, 0, 0, 2, 0, 4, 2, 4, 0, 2, 4, 32, 'd']
[2, 0, 4, 8, 0, 0, 0, 4, 0, 4, 2, 4, 0, 2, 4, 32, 's']
[2, 0, 0, 0, 0, 0, 4, 8, 0, 4, 2, 8, 2, 2, 4, 32, 'd']
[0, 0, 0, 2, 4, 0, 4, 8, 0, 4, 2, 8, 0, 4, 4, 32, 's']
[0, 2, 0, 0, 0, 0, 4, 2, 0, 0, 2, 16, 4, 8, 4, 32, 'd']
[0, 0, 2, 2, 0, 0, 4, 2, 0, 0, 2, 16, 4, 8, 4, 32, 's']
[0, 0, 2, 2, 0, 0, 4, 4, 0, 0, 2, 16, 4, 8, 4, 32, 'd']
[0, 4, 0, 4, 0, 0, 0, 8, 0, 0, 2, 16, 4, 8, 4, 32, 'd']
[0, 0, 0, 8, 0, 0, 0, 8, 2, 0, 2, 16, 4, 8, 4, 32, 's']
[0, 0, 0, 0, 4, 0, 0, 16, 2, 0, 2, 16, 4, 8, 4, 32, 's']
[0, 0, 0, 0, 4, 0, 0, 0, 2, 2, 2, 32, 4, 8, 4, 32, 's']
[0, 0, 0, 0, 4, 0, 0, 0, 2, 2, 2, 2, 4, 8, 4, 64, 'a']
[0, 0, 0, 0, 4, 0, 2, 0, 4, 4, 0, 0, 4, 8, 4, 64, 'd']
[0, 0, 0, 2, 0, 0, 4, 2, 0, 0, 0, 8, 4, 8, 4, 64, 's']
[0, 0, 0, 2, 0, 0, 0, 4, 0, 0, 0, 8, 4, 8, 8, 64, 'd']
[0, 0, 0, 2, 0, 0, 0, 4, 0, 0, 0, 8, 2, 4, 16, 64, 'a']
[2, 0, 0, 0, 4, 0, 0, 4, 8, 0, 0, 0, 2, 4, 16, 64, 'd']
[0, 0, 2, 2, 0, 0, 0, 8, 0, 0, 0, 8, 2, 4, 16, 64, 's']
[0, 0, 2, 0, 0, 0, 0, 2, 0, 0, 2, 16, 2, 4, 16, 64, 'd']
[0, 0, 2, 2, 0, 0, 0, 2, 0, 0, 2, 16, 2, 4, 16, 64, 'd']
[2, 0, 0, 4, 0, 0, 0, 2, 0, 0, 2, 16, 2, 4, 16, 64, 's']
[0, 0, 2, 4, 0, 0, 0, 2, 0, 0, 2, 16, 4, 4, 16, 64, 's']
[0, 0, 0, 4, 0, 2, 0, 2, 0, 0, 4, 16, 4, 4, 16, 64, 'd']
[0, 2, 0, 4, 0, 0, 0, 4, 0, 0, 4, 16, 0, 8, 16, 64, 'd']
[0, 0, 2, 4, 0, 0, 0, 4, 0, 0, 4, 16, 2, 8, 16, 64, 's']
[2, 0, 0, 0, 0, 0, 2, 8, 0, 0, 4, 16, 2, 8, 16, 64, 'd']
[0, 0, 0, 2, 0, 0, 2, 8, 2, 0, 4, 16, 2, 8, 16, 64, 's']
[0, 0, 0, 2, 0, 2, 2, 8, 0, 0, 4, 16, 4, 8, 16, 64, 's']
[0, 0, 4, 2, 0, 0, 2, 8, 0, 2, 4, 16, 4, 8, 16, 64, 'w']
[4, 2, 4, 2, 0, 8, 2, 8, 0, 0, 4, 16, 0, 2, 16, 64, 's']
[0, 0, 4, 2, 2, 2, 2, 8, 0, 8, 4, 16, 4, 2, 16, 64, 'd']
[2, 0, 4, 2, 0, 2, 4, 8, 0, 8, 4, 16, 4, 2, 16, 64, 's']
[0, 0, 0, 2, 2, 2, 4, 8, 2, 8, 8, 16, 4, 2, 16, 64, 'd']
[0, 0, 0, 2, 0, 4, 4, 8, 2, 2, 16, 16, 4, 2, 16, 64, 'd']
[0, 0, 0, 2, 0, 0, 8, 8, 0, 2, 4, 32, 4, 2, 16, 64, 's']
[2, 0, 0, 2, 0, 0, 8, 8, 0, 0, 4, 32, 4, 4, 16, 64, 's']
[0, 0, 0, 2, 2, 0, 8, 8, 2, 0, 4, 32, 4, 4, 16, 64, 'd']
[0, 0, 0, 2, 0, 0, 2, 16, 0, 2, 4, 32, 2, 8, 16, 64, 'a']
[2, 0, 2, 0, 2, 16, 0, 0, 2, 4, 32, 0, 2, 8, 16, 64, 'd']
[2, 0, 0, 4, 0, 0, 2, 16, 0, 2, 4, 32, 2, 8, 16, 64, 'd']
[0, 0, 2, 4, 2, 0, 2, 16, 0, 2, 4, 32, 2, 8, 16, 64, 's']
[0, 0, 2, 4, 0, 0, 4, 16, 0, 2, 4, 32, 4, 8, 16, 64, 's']
[0, 0, 0, 4, 0, 0, 2, 16, 2, 2, 8, 32, 4, 8, 16, 64, 'a']
[4, 0, 0, 0, 2, 16, 0, 2, 4, 8, 32, 0, 4, 8, 16, 64, 's']
[0, 0, 0, 4, 4, 0, 0, 0, 2, 16, 32, 2, 8, 16, 16, 64, 's']
[4, 0, 0, 0, 4, 0, 0, 4, 2, 0, 32, 2, 8, 32, 16, 64, 'd']
[0, 0, 0, 4, 0, 2, 0, 8, 0, 2, 32, 2, 8, 32, 16, 64, 's']
[4, 0, 0, 4, 0, 0, 0, 8, 0, 4, 32, 2, 8, 32, 16, 64, 'd']
[0, 0, 0, 8, 0, 0, 2, 8, 0, 4, 32, 2, 8, 32, 16, 64, 'a']
[8, 0, 0, 0, 2, 8, 0, 4, 4, 32, 2, 0, 8, 32, 16, 64, 's']
[8, 0, 0, 2, 2, 0, 0, 0, 4, 8, 2, 4, 8, 64, 16, 64, 's']
[8, 0, 2, 0, 2, 0, 0, 2, 4, 8, 2, 4, 8, 64, 16, 64, 's']
[8, 2, 0, 0, 2, 0, 0, 2, 4, 8, 4, 4, 8, 64, 16, 64, 'd']
[0, 2, 8, 2, 0, 0, 0, 4, 0, 4, 8, 8, 8, 64, 16, 64, 's']
[0, 0, 0, 2, 0, 2, 2, 4, 0, 4, 16, 8, 8, 64, 16, 64, 's']
[0, 0, 0, 2, 4, 2, 0, 4, 0, 4, 2, 8, 8, 64, 32, 64, 's']
[2, 0, 0, 2, 0, 2, 0, 4, 4, 4, 2, 8, 8, 64, 32, 64, 's']
[0, 0, 2, 2, 2, 2, 0, 4, 4, 4, 2, 8, 8, 64, 32, 64, 's']
[0, 2, 0, 2, 2, 2, 0, 4, 4, 4, 4, 8, 8, 64, 32, 64, 'd']
[0, 0, 0, 4, 0, 2, 4, 4, 0, 4, 8, 8, 8, 64, 32, 64, 'd']
[0, 0, 0, 4, 4, 0, 2, 8, 0, 0, 4, 16, 8, 64, 32, 64, 's']
[2, 0, 0, 4, 0, 0, 2, 8, 4, 0, 4, 16, 8, 64, 32, 64, 'd']
[0, 0, 2, 4, 0, 2, 2, 8, 0, 0, 8, 16, 8, 64, 32, 64, 'd']
[0, 0, 2, 4, 0, 2, 4, 8, 0, 0, 8, 16, 8, 64, 32, 64, 's']
[0, 2, 2, 4, 0, 0, 4, 8, 0, 2, 8, 16, 8, 64, 32, 64, 'd']
[0, 0, 4, 4, 2, 0, 4, 8, 0, 2, 8, 16, 8, 64, 32, 64, 's']
[0, 0, 0, 4, 2, 0, 8, 8, 2, 2, 8, 16, 8, 64, 32, 64, 's']
[0, 0, 0, 4, 2, 0, 0, 8, 4, 2, 16, 16, 8, 64, 32, 64, 'a']
[4, 0, 0, 0, 2, 8, 2, 0, 4, 2, 32, 0, 8, 64, 32, 64, 's']
[4, 0, 2, 0, 2, 8, 0, 0, 4, 2, 2, 0, 8, 64, 64, 64, 'd']
[0, 4, 4, 2, 0, 0, 2, 8, 0, 0, 4, 4, 0, 8, 64, 128, 'd']
[0, 0, 8, 2, 0, 0, 2, 8, 2, 0, 0, 8, 0, 8, 64, 128, 'd']
[0, 0, 8, 2, 2, 0, 2, 8, 0, 0, 2, 8, 0, 8, 64, 128, 's']
[0, 0, 0, 0, 0, 0, 8, 2, 2, 0, 4, 16, 2, 8, 64, 128, 'd']
[0, 0, 0, 0, 0, 2, 8, 2, 0, 2, 4, 16, 2, 8, 64, 128, 's']
[0, 0, 0, 0, 2, 0, 8, 2, 0, 4, 4, 16, 2, 8, 64, 128, 'd']
[0, 0, 0, 0, 2, 2, 8, 2, 0, 0, 8, 16, 2, 8, 64, 128, 's']
[0, 0, 0, 0, 4, 0, 0, 2, 0, 2, 16, 16, 4, 8, 64, 128, 's']
[0, 0, 4, 0, 0, 0, 0, 2, 0, 2, 16, 16, 8, 8, 64, 128, 's']
[0, 4, 0, 0, 0, 0, 4, 2, 0, 2, 16, 16, 8, 8, 64, 128, 's']
[0, 0, 0, 0, 2, 4, 4, 2, 0, 2, 16, 16, 8, 8, 64, 128, 's']
[2, 0, 0, 0, 0, 4, 4, 2, 2, 2, 16, 16, 8, 8, 64, 128, 'd']
[0, 0, 0, 2, 0, 0, 8, 2, 0, 4, 4, 32, 0, 16, 64, 128, 'd']
[0, 0, 0, 2, 0, 0, 8, 2, 2, 0, 8, 32, 0, 16, 64, 128, 'd']
[0, 0, 0, 2, 0, 0, 8, 2, 0, 2, 8, 32, 4, 16, 64, 128, 's']
[0, 0, 0, 0, 0, 0, 0, 4, 2, 2, 16, 32, 4, 16, 64, 128, 'a']
[0, 0, 0, 0, 4, 2, 0, 0, 4, 16, 32, 0, 4, 16, 64, 128, 's']
[0, 0, 0, 2, 0, 0, 0, 0, 4, 2, 32, 0, 8, 32, 64, 128, 's']
[4, 0, 0, 0, 0, 0, 0, 0, 4, 2, 32, 2, 8, 32, 64, 128, 's']
[0, 0, 4, 0, 0, 0, 0, 0, 8, 2, 32, 2, 8, 32, 64, 128, 's']
[0, 0, 0, 0, 2, 0, 4, 0, 0, 2, 32, 2, 16, 32, 64, 128, 's']
[0, 0, 0, 0, 0, 2, 4, 0, 2, 2, 32, 2, 16, 32, 64, 128, 's']
[0, 0, 0, 2, 0, 0, 4, 0, 2, 4, 32, 2, 16, 32, 64, 128, 'd']
[2, 0, 0, 2, 0, 0, 0, 4, 2, 4, 32, 2, 16, 32, 64, 128, 's']
[0, 0, 0, 2, 2, 0, 0, 4, 4, 4, 32, 2, 16, 32, 64, 128, 'a']
[2, 0, 0, 4, 2, 4, 0, 0, 8, 32, 2, 0, 16, 32, 64, 128, 's']
[0, 0, 0, 0, 4, 4, 0, 0, 8, 4, 2, 4, 16, 64, 64, 128, 's']
[0, 0, 0, 0, 4, 0, 2, 0, 8, 8, 2, 4, 16, 64, 64, 128, 'd']
[0, 0, 0, 4, 0, 0, 4, 2, 0, 16, 2, 4, 0, 16, 128, 128, 's']
[0, 0, 0, 4, 0, 0, 4, 2, 2, 0, 2, 4, 0, 32, 128, 128, 'd']
[0, 0, 0, 4, 0, 0, 4, 2, 0, 2, 4, 4, 0, 0, 32, 256, 's']
[0, 0, 0, 4, 2, 0, 0, 2, 0, 0, 8, 4, 0, 2, 32, 256, 's']
[0, 0, 0, 4, 0, 0, 0, 2, 4, 0, 8, 4, 2, 2, 32, 256, 'd']
[0, 0, 0, 4, 0, 0, 0, 2, 2, 4, 8, 4, 0, 4, 32, 256, 's']
[0, 0, 0, 4, 0, 0, 0, 2, 0, 2, 8, 4, 2, 8, 32, 256, 'a']
[4, 0, 0, 0, 2, 2, 0, 0, 2, 8, 4, 0, 2, 8, 32, 256, 's']
[0, 0, 0, 2, 4, 0, 0, 0, 2, 2, 4, 0, 4, 16, 32, 256, 's']
[0, 0, 2, 0, 4, 0, 0, 0, 2, 2, 4, 2, 4, 16, 32, 256, 's']
[0, 0, 2, 0, 4, 0, 2, 0, 2, 2, 4, 2, 4, 16, 32, 256, 's']
[0, 0, 2, 0, 4, 0, 4, 0, 2, 2, 4, 2, 4, 16, 32, 256, 's']
[2, 0, 0, 0, 4, 0, 2, 0, 2, 2, 8, 2, 4, 16, 32, 256, 'a']
[2, 2, 0, 0, 4, 2, 0, 0, 4, 8, 2, 0, 4, 16, 32, 256, 'd']
[0, 0, 2, 4, 0, 0, 4, 2, 0, 4, 8, 2, 4, 16, 32, 256, 'a']
[2, 4, 0, 0, 4, 2, 0, 2, 4, 8, 2, 0, 4, 16, 32, 256, 's']
[0, 4, 0, 0, 2, 2, 0, 2, 4, 8, 2, 2, 8, 16, 32, 256, 'd']
[0, 4, 0, 4, 0, 0, 2, 4, 0, 4, 8, 4, 8, 16, 32, 256, 's']
[0, 0, 0, 0, 0, 0, 2, 4, 4, 8, 8, 8, 8, 16, 32, 256, 'a']
[0, 0, 0, 2, 2, 4, 0, 0, 4, 16, 8, 0, 8, 16, 32, 256, 's']
[0, 0, 0, 0, 2, 0, 0, 2, 4, 4, 8, 2, 8, 32, 32, 256, 's']
[0, 0, 0, 2, 2, 0, 0, 0, 4, 4, 8, 4, 8, 32, 32, 256, 'd']
[0, 0, 0, 2, 4, 0, 0, 2, 0, 8, 8, 4, 0, 8, 64, 256, 's']
[0, 0, 0, 0, 0, 0, 0, 4, 0, 2, 8, 4, 4, 16, 64, 256, 'a']
[0, 0, 0, 0, 4, 4, 0, 0, 2, 8, 4, 0, 4, 16, 64, 256, 'a']
[0, 0, 2, 0, 8, 0, 0, 0, 2, 8, 4, 0, 4, 16, 64, 256, 's']
[0, 0, 0, 0, 8, 0, 2, 0, 2, 8, 4, 2, 4, 16, 64, 256, 'a']
[0, 2, 0, 0, 8, 2, 0, 0, 2, 8, 4, 2, 4, 16, 64, 256, 's']
[0, 0, 0, 0, 8, 4, 4, 0, 2, 8, 4, 2, 4, 16, 64, 256, 's']
[0, 0, 0, 2, 8, 4, 0, 0, 2, 8, 8, 2, 4, 16, 64, 256, 'd']
[0, 0, 0, 2, 0, 0, 8, 4, 2, 2, 16, 2, 4, 16, 64, 256, 'a']
[2, 0, 2, 0, 8, 4, 0, 0, 4, 16, 2, 0, 4, 16, 64, 256, 's']
[2, 0, 0, 0, 2, 0, 0, 0, 8, 4, 4, 0, 8, 32, 64, 256, 's']
[0, 0, 0, 0, 0, 0, 2, 0, 4, 4, 4, 0, 16, 32, 64, 256, 'd']
[2, 0, 0, 0, 0, 0, 0, 2, 0, 0, 4, 8, 16, 32, 64, 256, 's']
[0, 0, 0, 0, 0, 0, 2, 2, 2, 0, 4, 8, 16, 32, 64, 256, 'd']
[0, 0, 0, 0, 2, 0, 0, 4, 0, 2, 4, 8, 16, 32, 64, 256, 'd']
[0, 2, 0, 0, 0, 0, 2, 4, 0, 2, 4, 8, 16, 32, 64, 256, 'd']
[0, 0, 0, 2, 0, 0, 2, 4, 2, 2, 4, 8, 16, 32, 64, 256, 'd']
[0, 0, 0, 2, 2, 0, 2, 4, 0, 4, 4, 8, 16, 32, 64, 256, 's']
[0, 0, 0, 2, 0, 4, 2, 4, 2, 4, 4, 8, 16, 32, 64, 256, 'd']
[0, 4, 0, 2, 0, 4, 2, 4, 0, 2, 8, 8, 16, 32, 64, 256, 'd']
[0, 0, 4, 2, 0, 4, 2, 4, 0, 2, 2, 16, 16, 32, 64, 256, 'd']
[0, 0, 4, 2, 0, 4, 2, 4, 2, 0, 4, 16, 16, 32, 64, 256, 's']
[0, 0, 4, 2, 0, 2, 2, 4, 2, 4, 4, 16, 16, 32, 64, 256, 'a']
[4, 2, 2, 0, 4, 4, 0, 0, 2, 8, 16, 0, 16, 32, 64, 256, 'd']
[0, 0, 4, 4, 0, 2, 0, 8, 0, 2, 8, 16, 16, 32, 64, 256, 'd']
[0, 0, 0, 8, 0, 0, 2, 8, 2, 2, 8, 16, 16, 32, 64, 256, 's']
[0, 0, 0, 0, 2, 0, 2, 16, 2, 2, 8, 16, 16, 32, 64, 256, 's']
[0, 0, 0, 2, 0, 0, 2, 0, 4, 2, 8, 32, 16, 32, 64, 256, 's']
[0, 0, 0, 0, 0, 2, 2, 2, 4, 2, 8, 32, 16, 32, 64, 256, 's']
[0, 0, 0, 2, 0, 0, 2, 2, 4, 4, 8, 32, 16, 32, 64, 256, 'd']
[0, 0, 0, 2, 0, 2, 0, 4, 0, 8, 8, 32, 16, 32, 64, 256, 'a']
[2, 2, 0, 0, 2, 4, 0, 0, 16, 32, 0, 0, 16, 32, 64, 256, 's']
[0, 0, 0, 4, 0, 2, 0, 0, 4, 4, 0, 0, 32, 64, 64, 256, 'd']
[0, 0, 0, 4, 0, 0, 0, 2, 0, 0, 0, 8, 2, 32, 128, 256, 'a']
[4, 0, 0, 0, 2, 0, 0, 0, 8, 0, 0, 2, 2, 32, 128, 256, 'd']
[0, 0, 0, 4, 2, 0, 0, 2, 0, 0, 8, 2, 2, 32, 128, 256, 's']
[0, 0, 0, 0, 0, 0, 2, 4, 0, 0, 8, 4, 4, 32, 128, 256, 's']
[0, 4, 0, 0, 0, 0, 2, 0, 0, 0, 8, 8, 4, 32, 128, 256, 'd']
[0, 2, 0, 4, 0, 0, 0, 2, 0, 0, 0, 16, 4, 32, 128, 256, 'd']
[0, 0, 2, 4, 0, 0, 2, 2, 0, 0, 0, 16, 4, 32, 128, 256, 's']
[0, 0, 0, 4, 2, 0, 0, 2, 0, 0, 4, 16, 4, 32, 128, 256, 's']
[0, 0, 0, 4, 0, 0, 0, 2, 2, 2, 4, 16, 4, 32, 128, 256, 'a']
[4, 0, 0, 0, 2, 0, 0, 2, 4, 4, 16, 0, 4, 32, 128, 256, 's']
[0, 0, 4, 0, 4, 0, 0, 0, 2, 4, 16, 2, 8, 32, 128, 256, 'd']
[4, 0, 0, 4, 0, 0, 0, 4, 2, 4, 16, 2, 8, 32, 128, 256, 'd']
[0, 0, 0, 8, 0, 0, 2, 4, 2, 4, 16, 2, 8, 32, 128, 256, 'a']
[8, 4, 0, 0, 2, 4, 0, 0, 2, 4, 16, 2, 8, 32, 128, 256, 's']
[0, 0, 0, 0, 8, 4, 0, 2, 4, 8, 16, 2, 8, 32, 128, 256, 's']
[0, 4, 0, 0, 8, 4, 0, 0, 4, 8, 16, 4, 8, 32, 128, 256, 's']
[0, 0, 2, 0, 8, 8, 0, 0, 4, 8, 16, 4, 8, 32, 128, 256, 's']
[0, 0, 2, 0, 8, 0, 2, 0, 4, 16, 16, 4, 8, 32, 128, 256, 'd']
[0, 0, 0, 2, 2, 0, 8, 2, 0, 4, 32, 4, 8, 32, 128, 256, 's']
[0, 0, 0, 0, 4, 0, 8, 4, 2, 4, 32, 4, 8, 32, 128, 256, 's']
[0, 0, 2, 0, 4, 0, 8, 0, 2, 4, 32, 8, 8, 32, 128, 256, 'd']
[0, 0, 2, 2, 0, 0, 4, 8, 2, 4, 32, 8, 8, 32, 128, 256, 's']
[0, 0, 2, 2, 0, 0, 4, 2, 2, 4, 32, 16, 8, 32, 128, 256, 's']
[0, 0, 2, 0, 0, 2, 4, 4, 2, 4, 32, 16, 8, 32, 128, 256, 'a']
[2, 0, 4, 0, 2, 8, 0, 0, 2, 4, 32, 16, 8, 32, 128, 256, 'd']
[2, 0, 2, 4, 0, 0, 2, 8, 2, 4, 32, 16, 8, 32, 128, 256, 'd']
[0, 2, 4, 4, 0, 0, 2, 8, 2, 4, 32, 16, 8, 32, 128, 256, 'd']
[0, 0, 2, 8, 2, 0, 2, 8, 2, 4, 32, 16, 8, 32, 128, 256, 's']
[0, 2, 0, 0, 0, 0, 4, 16, 4, 4, 32, 16, 8, 32, 128, 256, 's']
[0, 0, 0, 0, 2, 2, 4, 0, 4, 4, 32, 32, 8, 32, 128, 256, 'd']
[0, 0, 0, 0, 0, 2, 4, 4, 0, 0, 8, 64, 8, 32, 128, 256, 'd']
[0, 2, 0, 0, 0, 0, 2, 8, 0, 0, 8, 64, 8, 32, 128, 256, 'd']
[0, 2, 0, 2, 0, 0, 2, 8, 0, 0, 8, 64, 8, 32, 128, 256, 's']
[0, 0, 0, 2, 0, 0, 2, 8, 2, 2, 8, 64, 8, 32, 128, 256, 'a']
[2, 0, 0, 0, 2, 8, 0, 4, 4, 8, 64, 0, 8, 32, 128, 256, 'd']
[0, 0, 0, 2, 0, 2, 8, 4, 2, 4, 8, 64, 8, 32, 128, 256, 's']
[0, 2, 0, 2, 0, 2, 0, 4, 2, 4, 16, 64, 8, 32, 128, 256, 'd']
[0, 0, 2, 4, 0, 0, 2, 4, 2, 4, 16, 64, 8, 32, 128, 256, 'a']
[2, 4, 2, 0, 2, 4, 0, 0, 2, 4, 16, 64, 8, 32, 128, 256, 'd']
[4, 2, 4, 2, 0, 0, 2, 4, 2, 4, 16, 64, 8, 32, 128, 256, 's']
[0, 2, 4, 2, 4, 2, 2, 4, 2, 4, 16, 64, 8, 32, 128, 256, 'd']
[0, 2, 4, 2, 4, 4, 4, 4, 2, 4, 16, 64, 8, 32, 128, 256, 'd']
[0, 2, 4, 2, 0, 2, 8, 8, 2, 4, 16, 64, 8, 32, 128, 256, 'd']
[0, 2, 4, 2, 2, 0, 2, 16, 2, 4, 16, 64, 8, 32, 128, 256, 's']
[4, 0, 4, 2, 0, 2, 2, 16, 4, 4, 16, 64, 8, 32, 128, 256, 's']
[0, 0, 4, 2, 2, 2, 2, 16, 8, 4, 16, 64, 8, 32, 128, 256, 's']
[0, 0, 4, 2, 2, 2, 2, 16, 2, 4, 16, 64, 16, 32, 128, 256, 's']
[0, 0, 4, 2, 2, 2, 2, 16, 4, 4, 16, 64, 16, 32, 128, 256, 'd']
[0, 2, 4, 2, 0, 2, 4, 16, 0, 8, 16, 64, 16, 32, 128, 256, 'a']
[2, 4, 2, 2, 2, 4, 16, 0, 8, 16, 64, 0, 16, 32, 128, 256, 'd']
[0, 2, 4, 4, 2, 2, 4, 16, 0, 8, 16, 64, 16, 32, 128, 256, 'd']
[0, 0, 2, 8, 2, 4, 4, 16, 0, 8, 16, 64, 16, 32, 128, 256, 's']
[2, 0, 2, 8, 0, 4, 4, 16, 2, 8, 16, 64, 16, 32, 128, 256, 's']
[4, 0, 2, 8, 0, 4, 4, 16, 4, 8, 16, 64, 16, 32, 128, 256, 's']
[0, 0, 2, 8, 4, 4, 4, 16, 8, 8, 16, 64, 16, 32, 128, 256, 'd']
[0, 0, 2, 8, 0, 4, 8, 16, 2, 16, 16, 64, 16, 32, 128, 256, 'd']
[2, 0, 2, 8, 0, 4, 8, 16, 0, 2, 32, 64, 16, 32, 128, 256, 's']
[2, 0, 2, 8, 0, 4, 8, 16, 2, 2, 32, 64, 16, 32, 128, 256, 's']
[0, 2, 2, 8, 0, 4, 8, 16, 4, 2, 32, 64, 16, 32, 128, 256, 'd']
[0, 2, 4, 8, 0, 4, 8, 16, 4, 2, 32, 64, 16, 32, 128, 256, 'w']
[4, 2, 4, 8, 16, 4, 8, 16, 2, 2, 32, 64, 0, 32, 128, 256, 'd']
[4, 2, 4, 8, 16, 4, 8, 16, 2, 4, 32, 64, 0, 32, 128, 256, 's']
[2, 0, 4, 8, 4, 2, 8, 16, 16, 8, 32, 64, 2, 32, 128, 256, 'd']
[2, 2, 4, 8, 4, 2, 8, 16, 16, 8, 32, 64, 2, 32, 128, 256, 'd']
[4, 4, 4, 8, 4, 2, 8, 16, 16, 8, 32, 64, 2, 32, 128, 256, 'd']
[2, 4, 8, 8, 4, 2, 8, 16, 16, 8, 32, 64, 2, 32, 128, 256, 's']
[2, 4, 2, 8, 4, 2, 16, 16, 16, 8, 32, 64, 2, 32, 128, 256, 'd']
[2, 4, 2, 8, 2, 4, 2, 32, 16, 8, 32, 64, 2, 32, 128, 256, 'w']
[4, 8, 4, 8, 16, 8, 32, 32, 2, 32, 128, 64, 2, 0, 0, 256, 's']
[0, 2, 0, 8, 4, 0, 4, 32, 16, 16, 32, 64, 4, 32, 128, 256, 'd']
[0, 2, 2, 8, 0, 0, 8, 32, 0, 32, 32, 64, 4, 32, 128, 256, 'd']
[0, 0, 4, 8, 0, 2, 8, 32, 0, 0, 64, 64, 4, 32, 128, 256, 'd']
[0, 0, 4, 8, 0, 2, 8, 32, 2, 0, 0, 128, 4, 32, 128, 256, 's']
[0, 0, 0, 8, 0, 2, 4, 32, 2, 2, 8, 128, 4, 32, 128, 256, 'd']
[2, 0, 0, 8, 0, 2, 4, 32, 0, 4, 8, 128, 4, 32, 128, 256, 'd']
[0, 2, 2, 8, 0, 2, 4, 32, 0, 4, 8, 128, 4, 32, 128, 256, 's']
[0, 0, 2, 8, 2, 4, 4, 32, 0, 4, 8, 128, 4, 32, 128, 256, 's']
[0, 0, 2, 8, 0, 2, 4, 32, 2, 8, 8, 128, 4, 32, 128, 256, 'd']
[0, 0, 2, 8, 2, 2, 4, 32, 0, 2, 16, 128, 4, 32, 128, 256, 'd']
[0, 0, 2, 8, 0, 4, 4, 32, 4, 2, 16, 128, 4, 32, 128, 256, 's']
[0, 4, 2, 8, 0, 4, 4, 32, 0, 2, 16, 128, 8, 32, 128, 256, 'd']
[0, 4, 2, 8, 0, 2, 8, 32, 0, 2, 16, 128, 8, 32, 128, 256, 's']
[0, 0, 2, 8, 4, 4, 8, 32, 0, 4, 16, 128, 8, 32, 128, 256, 'd']
[0, 0, 2, 8, 4, 8, 8, 32, 0, 4, 16, 128, 8, 32, 128, 256, 'd']
[0, 2, 2, 8, 0, 4, 16, 32, 0, 4, 16, 128, 8, 32, 128, 256, 's']
[0, 2, 0, 8, 0, 2, 2, 32, 0, 8, 32, 128, 8, 32, 128, 256, 'd']
[0, 0, 2, 8, 0, 4, 4, 32, 0, 8, 32, 128, 8, 32, 128, 256, 'd']
[2, 0, 2, 8, 0, 0, 8, 32, 0, 8, 32, 128, 8, 32, 128, 256, 'd']
[0, 0, 4, 8, 0, 0, 8, 32, 2, 8, 32, 128, 8, 32, 128, 256, 'w']
[2, 8, 4, 8, 8, 32, 8, 32, 0, 2, 32, 128, 0, 0, 128, 256, 's']
[4, 0, 4, 8, 0, 8, 8, 32, 2, 32, 32, 128, 8, 2, 128, 256, 'd']
[0, 0, 8, 8, 4, 0, 16, 32, 0, 2, 64, 128, 8, 2, 128, 256, 'd']
[2, 0, 0, 16, 0, 4, 16, 32, 0, 2, 64, 128, 8, 2, 128, 256, 's']
[0, 2, 0, 16, 0, 0, 16, 32, 2, 4, 64, 128, 8, 4, 128, 256, 's']
[0, 2, 0, 16, 0, 0, 16, 32, 2, 2, 64, 128, 8, 8, 128, 256, 's']
[2, 0, 0, 16, 0, 0, 16, 32, 2, 4, 64, 128, 8, 8, 128, 256, 'd']
[0, 0, 2, 16, 0, 0, 16, 32, 2, 4, 64, 128, 2, 16, 128, 256, 's']
[0, 0, 2, 16, 2, 0, 16, 32, 0, 4, 64, 128, 4, 16, 128, 256, 'd']
[4, 0, 2, 16, 0, 2, 16, 32, 0, 4, 64, 128, 4, 16, 128, 256, 'd']
[0, 4, 2, 16, 0, 2, 16, 32, 4, 4, 64, 128, 4, 16, 128, 256, 's']
[0, 4, 2, 16, 0, 2, 16, 32, 2, 4, 64, 128, 8, 16, 128, 256, 'w']
[2, 4, 2, 16, 8, 2, 16, 32, 0, 4, 64, 128, 2, 16, 128, 256, 's']
[2, 4, 2, 16, 2, 2, 16, 32, 8, 4, 64, 128, 2, 16, 128, 256, 'd']
[2, 4, 2, 16, 4, 4, 16, 32, 8, 4, 64, 128, 2, 16, 128, 256, 's']
[2, 4, 2, 16, 4, 4, 16, 32, 8, 8, 64, 128, 2, 16, 128, 256, 'd']
[2, 4, 2, 16, 2, 8, 16, 32, 0, 16, 64, 128, 2, 16, 128, 256, 's']
[0, 0, 2, 16, 2, 4, 16, 32, 2, 8, 64, 128, 4, 32, 128, 256, 's']
[0, 4, 2, 16, 0, 4, 16, 32, 4, 8, 64, 128, 4, 32, 128, 256, 's']
[0, 2, 2, 16, 0, 8, 16, 32, 0, 8, 64, 128, 8, 32, 128, 256, 's']
[0, 2, 2, 16, 0, 2, 16, 32, 0, 16, 64, 128, 8, 32, 128, 256, 's']
[0, 2, 2, 16, 0, 4, 16, 32, 0, 16, 64, 128, 8, 32, 128, 256, 'd']
[4, 0, 4, 16, 0, 4, 16, 32, 0, 16, 64, 128, 8, 32, 128, 256, 's']
[0, 4, 4, 16, 0, 4, 16, 32, 4, 16, 64, 128, 8, 32, 128, 256, 'd']
[0, 2, 8, 16, 0, 4, 16, 32, 4, 16, 64, 128, 8, 32, 128, 256, 'w']
[4, 2, 8, 16, 8, 4, 16, 32, 2, 16, 64, 128, 0, 32, 128, 256, 's']
[4, 2, 8, 16, 4, 4, 16, 32, 8, 16, 64, 128, 2, 32, 128, 256, 's']
[2, 2, 8, 16, 8, 4, 16, 32, 8, 16, 64, 128, 2, 32, 128, 256, 's']
[2, 2, 8, 16, 2, 4, 16, 32, 16, 16, 64, 128, 2, 32, 128, 256, 'd']
[0, 4, 8, 16, 2, 4, 16, 32, 2, 32, 64, 128, 2, 32, 128, 256, 's']
[0, 0, 8, 16, 2, 0, 16, 32, 2, 8, 64, 128, 4, 64, 128, 256, 'd']
[0, 0, 8, 16, 2, 2, 16, 32, 2, 8, 64, 128, 4, 64, 128, 256, 'd']
[0, 0, 8, 16, 2, 4, 16, 32, 2, 8, 64, 128, 4, 64, 128, 256, 's']
[0, 2, 8, 16, 0, 4, 16, 32, 4, 8, 64, 128, 4, 64, 128, 256, 's']
[0, 2, 8, 16, 2, 4, 16, 32, 0, 8, 64, 128, 8, 64, 128, 256, 'a']
[2, 8, 16, 2, 2, 4, 16, 32, 8, 64, 128, 0, 8, 64, 128, 256, 's']
[0, 2, 0, 0, 0, 8, 0, 2, 4, 4, 32, 32, 16, 128, 256, 256, 'd']
[0, 0, 0, 2, 2, 0, 8, 2, 0, 0, 8, 64, 0, 16, 128, 512, 'd']
[2, 0, 0, 2, 0, 2, 8, 2, 0, 0, 8, 64, 0, 16, 128, 512, 's']
[0, 2, 0, 0, 0, 0, 0, 4, 0, 2, 16, 64, 2, 16, 128, 512, 'd']
[0, 0, 0, 2, 0, 2, 0, 4, 0, 2, 16, 64, 2, 16, 128, 512, 's']
[0, 4, 0, 2, 0, 0, 0, 4, 0, 4, 16, 64, 2, 16, 128, 512, 's']
[0, 0, 0, 2, 0, 0, 0, 4, 2, 8, 16, 64, 2, 16, 128, 512, 's']
[0, 0, 0, 2, 0, 0, 0, 4, 2, 8, 16, 64, 4, 16, 128, 512, 'a']
[2, 0, 0, 2, 4, 0, 0, 0, 2, 8, 16, 64, 4, 16, 128, 512, 'd']
[0, 0, 2, 4, 0, 0, 0, 4, 2, 8, 16, 64, 4, 16, 128, 512, 's']
[0, 2, 0, 0, 0, 0, 2, 8, 2, 8, 16, 64, 4, 16, 128, 512, 'd']
[2, 0, 0, 2, 0, 0, 2, 8, 2, 8, 16, 64, 4, 16, 128, 512, 'd']
[0, 4, 0, 4, 0, 0, 2, 8, 2, 8, 16, 64, 4, 16, 128, 512, 'd']
[0, 2, 0, 8, 0, 0, 2, 8, 2, 8, 16, 64, 4, 16, 128, 512, 'd']
[2, 0, 2, 8, 0, 0, 2, 8, 2, 8, 16, 64, 4, 16, 128, 512, 'd']
[2, 0, 4, 8, 0, 0, 2, 8, 2, 8, 16, 64, 4, 16, 128, 512, 's']
[0, 4, 4, 0, 0, 0, 2, 16, 4, 8, 16, 64, 4, 16, 128, 512, 'd']
[0, 0, 2, 8, 0, 0, 2, 16, 4, 8, 16, 64, 4, 16, 128, 512, 's']
[0, 2, 0, 8, 0, 0, 4, 16, 0, 8, 16, 64, 8, 16, 128, 512, 'd']
[0, 0, 2, 8, 0, 0, 4, 16, 4, 8, 16, 64, 8, 16, 128, 512, 'w']
[4, 8, 2, 8, 8, 16, 4, 16, 0, 0, 16, 64, 2, 0, 128, 512, 's']
[2, 0, 2, 8, 4, 0, 4, 16, 8, 8, 16, 64, 2, 16, 128, 512, 'a']
[4, 8, 0, 0, 8, 16, 0, 0, 16, 16, 64, 2, 2, 16, 128, 512, 's']
[4, 0, 0, 0, 8, 8, 4, 0, 16, 16, 64, 2, 2, 32, 128, 512, 'a']
[4, 2, 0, 0, 16, 4, 0, 0, 32, 64, 2, 0, 2, 32, 128, 512, 'd']
[0, 0, 4, 2, 2, 0, 16, 4, 0, 32, 64, 2, 2, 32, 128, 512, 's']
[0, 0, 4, 2, 0, 0, 16, 4, 2, 0, 64, 2, 4, 64, 128, 512, 'a']
[4, 2, 0, 0, 16, 4, 0, 0, 2, 64, 2, 2, 4, 64, 128, 512, 's']
[4, 2, 0, 0, 16, 2, 0, 0, 2, 4, 2, 2, 4, 128, 128, 512, 's']
[4, 0, 0, 0, 16, 4, 0, 2, 2, 4, 2, 2, 4, 128, 128, 512, 's']
[4, 0, 0, 0, 16, 0, 2, 0, 2, 8, 2, 4, 4, 128, 128, 512, 's']
[4, 0, 0, 0, 16, 2, 0, 0, 2, 8, 4, 4, 4, 128, 128, 512, 'a']
[4, 0, 0, 0, 16, 2, 0, 0, 2, 8, 8, 4, 4, 256, 512, 0, 'd']
[0, 0, 0, 4, 0, 2, 16, 2, 0, 2, 16, 4, 0, 4, 256, 512, 's']
[0, 0, 2, 4, 0, 0, 0, 2, 0, 4, 32, 4, 0, 4, 256, 512, 's']
[0, 0, 0, 4, 2, 0, 2, 2, 0, 0, 32, 4, 0, 8, 256, 512, 's']
[0, 0, 0, 4, 0, 2, 2, 2, 0, 0, 32, 4, 2, 8, 256, 512, 's']
[2, 0, 0, 4, 0, 0, 2, 2, 0, 2, 32, 4, 2, 8, 256, 512, 's']
[0, 0, 0, 4, 2, 0, 2, 2, 0, 2, 32, 4, 4, 8, 256, 512, 'd']
[2, 0, 0, 4, 0, 0, 2, 4, 0, 2, 32, 4, 4, 8, 256, 512, 's']
[0, 0, 4, 0, 0, 0, 2, 4, 2, 2, 32, 8, 4, 8, 256, 512, 'a']
[4, 0, 0, 0, 2, 4, 4, 0, 4, 32, 8, 0, 4, 8, 256, 512, 'd']
[0, 0, 0, 4, 0, 0, 2, 8, 2, 4, 32, 8, 4, 8, 256, 512, 's']
[0, 0, 2, 0, 0, 0, 2, 4, 2, 4, 32, 16, 4, 8, 256, 512, 'd']
[2, 0, 0, 2, 0, 0, 2, 4, 2, 4, 32, 16, 4, 8, 256, 512, 'd']
[4, 0, 0, 4, 0, 0, 2, 4, 2, 4, 32, 16, 4, 8, 256, 512, 'd']
[2, 0, 0, 8, 0, 0, 2, 4, 2, 4, 32, 16, 4, 8, 256, 512, 's']
[0, 0, 0, 8, 0, 2, 2, 4, 4, 4, 32, 16, 4, 8, 256, 512, 'd']
[0, 0, 0, 8, 0, 0, 4, 4, 4, 8, 32, 16, 4, 8, 256, 512, 's']
[4, 0, 0, 8, 0, 0, 4, 4, 0, 0, 32, 16, 8, 16, 256, 512, 'd']
[0, 0, 4, 8, 2, 0, 0, 8, 0, 0, 32, 16, 8, 16, 256, 512, 's']
[0, 2, 0, 0, 0, 0, 4, 16, 2, 0, 32, 16, 8, 16, 256, 512, 's']
[0, 0, 0, 0, 0, 0, 4, 2, 2, 2, 32, 32, 8, 16, 256, 512, 'a']
[0, 2, 0, 0, 4, 2, 0, 0, 4, 64, 0, 0, 8, 16, 256, 512, 'd']
[0, 0, 0, 2, 0, 0, 4, 2, 0, 2, 4, 64, 8, 16, 256, 512, 'a']
[2, 0, 0, 0, 4, 2, 0, 2, 2, 4, 64, 0, 8, 16, 256, 512, 'd']
[0, 0, 2, 2, 0, 0, 4, 4, 0, 2, 4, 64, 8, 16, 256, 512, 'd']
[0, 0, 0, 4, 2, 0, 0, 8, 0, 2, 4, 64, 8, 16, 256, 512, 's']
[0, 0, 0, 4, 0, 0, 2, 8, 2, 2, 4, 64, 8, 16, 256, 512, 'd']
[0, 0, 0, 4, 0, 2, 2, 8, 0, 4, 4, 64, 8, 16, 256, 512, 'd']
[0, 0, 0, 4, 0, 2, 4, 8, 0, 0, 8, 64, 8, 16, 256, 512, 's']
[4, 0, 0, 4, 0, 0, 4, 8, 0, 2, 8, 64, 8, 16, 256, 512, 'd']
[0, 0, 0, 8, 0, 0, 4, 8, 4, 2, 8, 64, 8, 16, 256, 512, 's']
[0, 0, 0, 0, 0, 4, 4, 16, 4, 2, 8, 64, 8, 16, 256, 512, 'd']
[0, 0, 0, 0, 0, 2, 8, 16, 4, 2, 8, 64, 8, 16, 256, 512, 's']
[0, 0, 2, 0, 0, 0, 0, 16, 4, 4, 16, 64, 8, 16, 256, 512, 'd']
[0, 0, 0, 2, 2, 0, 0, 16, 0, 8, 16, 64, 8, 16, 256, 512, 's']
[0, 0, 0, 2, 0, 0, 2, 16, 2, 8, 16, 64, 8, 16, 256, 512, 'a']
[2, 2, 0, 0, 2, 16, 0, 0, 2, 8, 16, 64, 8, 16, 256, 512, 'd']
[0, 0, 2, 4, 0, 0, 2, 16, 2, 8, 16, 64, 8, 16, 256, 512, 's']
[0, 2, 0, 4, 0, 0, 4, 16, 2, 8, 16, 64, 8, 16, 256, 512, 'd']
[0, 2, 2, 4, 0, 0, 4, 16, 2, 8, 16, 64, 8, 16, 256, 512, 'd']
[0, 0, 4, 4, 2, 0, 4, 16, 2, 8, 16, 64, 8, 16, 256, 512, 'd']
[0, 0, 2, 8, 0, 2, 4, 16, 2, 8, 16, 64, 8, 16, 256, 512, 'a']
[2, 8, 0, 4, 2, 4, 16, 0, 2, 8, 16, 64, 8, 16, 256, 512, 's']
[2, 8, 0, 0, 2, 4, 0, 4, 4, 8, 32, 64, 8, 16, 256, 512, 'd']
[0, 0, 2, 8, 0, 2, 2, 8, 4, 8, 32, 64, 8, 16, 256, 512, 'd']
[0, 0, 2, 8, 0, 2, 4, 8, 4, 8, 32, 64, 8, 16, 256, 512, 'a']
[2, 8, 2, 0, 2, 4, 8, 0, 4, 8, 32, 64, 8, 16, 256, 512, 'd']
[2, 2, 8, 2, 0, 2, 4, 8, 4, 8, 32, 64, 8, 16, 256, 512, 's']
[2, 0, 8, 2, 2, 4, 4, 8, 4, 8, 32, 64, 8, 16, 256, 512, 'd']
[0, 2, 8, 2, 2, 2, 8, 8, 4, 8, 32, 64, 8, 16, 256, 512, 'd']
[0, 2, 8, 2, 0, 2, 4, 16, 4, 8, 32, 64, 8, 16, 256, 512, 's']
[0, 4, 8, 2, 0, 4, 4, 16, 4, 8, 32, 64, 8, 16, 256, 512, 's']
[2, 0, 8, 2, 0, 8, 4, 16, 4, 8, 32, 64, 8, 16, 256, 512, 's']
[0, 0, 8, 2, 2, 2, 4, 16, 4, 16, 32, 64, 8, 16, 256, 512, 's']
[0, 0, 8, 2, 2, 2, 4, 16, 4, 2, 32, 64, 8, 32, 256, 512, 's']
[0, 0, 8, 2, 2, 2, 4, 16, 4, 4, 32, 64, 8, 32, 256, 512, 'd']
[0, 0, 8, 2, 2, 4, 4, 16, 0, 8, 32, 64, 8, 32, 256, 512, 's']
[0, 2, 8, 2, 0, 4, 4, 16, 2, 8, 32, 64, 8, 32, 256, 512, 'a']
[2, 8, 2, 4, 8, 16, 0, 0, 2, 8, 32, 64, 8, 32, 256, 512, 'd']
[2, 8, 2, 4, 0, 2, 8, 16, 2, 8, 32, 64, 8, 32, 256, 512, 's']
[2, 8, 2, 4, 0, 2, 8, 16, 4, 8, 32, 64, 8, 32, 256, 512, 's']
[2, 8, 2, 4, 2, 2, 8, 16, 4, 8, 32, 64, 8, 32, 256, 512, 's']
[2, 8, 2, 4, 4, 2, 8, 16, 4, 8, 32, 64, 8, 32, 256, 512, 's']
[4, 8, 2, 4, 2, 2, 8, 16, 8, 8, 32, 64, 8, 32, 256, 512, 'd']
[4, 8, 2, 4, 2, 4, 8, 16, 0, 16, 32, 64, 8, 32, 256, 512, 's']
[2, 8, 2, 4, 4, 4, 8, 16, 2, 16, 32, 64, 8, 32, 256, 512, 'd']
[2, 8, 2, 4, 2, 8, 8, 16, 2, 16, 32, 64, 8, 32, 256, 512, 's']
[2, 0, 2, 4, 2, 16, 8, 16, 4, 16, 32, 64, 8, 32, 256, 512, 's']
[2, 0, 2, 4, 4, 0, 8, 16, 4, 32, 32, 64, 8, 32, 256, 512, 's']
[0, 0, 2, 4, 2, 4, 8, 16, 8, 0, 32, 64, 8, 64, 256, 512, 'd']
[0, 4, 2, 4, 2, 4, 8, 16, 0, 8, 32, 64, 8, 64, 256, 512, 's']
[0, 2, 2, 4, 0, 8, 8, 16, 2, 8, 32, 64, 8, 64, 256, 512, 'd']
[2, 0, 4, 4, 0, 0, 16, 16, 2, 8, 32, 64, 8, 64, 256, 512, 'd']
[0, 0, 2, 8, 0, 4, 0, 32, 2, 8, 32, 64, 8, 64, 256, 512, 'd']
[0, 2, 2, 8, 0, 0, 4, 32, 2, 8, 32, 64, 8, 64, 256, 512, 's']
[0, 2, 2, 8, 0, 2, 4, 32, 2, 8, 32, 64, 8, 64, 256, 512, 'd']
[0, 2, 4, 8, 0, 2, 4, 32, 2, 8, 32, 64, 8, 64, 256, 512, 's']
[2, 0, 0, 8, 0, 4, 8, 32, 2, 8, 32, 64, 8, 64, 256, 512, 'd']
[0, 0, 2, 8, 2, 4, 8, 32, 2, 8, 32, 64, 8, 64, 256, 512, 'a']
[2, 8, 2, 0, 2, 4, 8, 32, 2, 8, 32, 64, 8, 64, 256, 512, 'd']
[2, 2, 8, 2, 2, 4, 8, 32, 2, 8, 32, 64, 8, 64, 256, 512, 's']
[4, 2, 0, 2, 2, 4, 16, 32, 4, 8, 32, 64, 8, 64, 256, 512, 'd']
[2, 0, 4, 4, 2, 4, 16, 32, 4, 8, 32, 64, 8, 64, 256, 512, 's']
[2, 0, 4, 4, 4, 4, 16, 32, 4, 8, 32, 64, 8, 64, 256, 512, 'd']
[2, 0, 2, 8, 0, 8, 16, 32, 4, 8, 32, 64, 8, 64, 256, 512, 's']
[0, 0, 2, 8, 2, 4, 16, 32, 4, 16, 32, 64, 8, 64, 256, 512, 'a']
[2, 8, 4, 0, 2, 4, 16, 32, 4, 16, 32, 64, 8, 64, 256, 512, 'd']
[2, 2, 8, 4, 2, 4, 16, 32, 4, 16, 32, 64, 8, 64, 256, 512, 's']
[2, 2, 8, 4, 4, 4, 16, 32, 4, 16, 32, 64, 8, 64, 256, 512, 's']
[2, 2, 8, 4, 2, 4, 16, 32, 8, 16, 32, 64, 8, 64, 256, 512, 's']
[0, 2, 8, 4, 4, 4, 16, 32, 4, 16, 32, 64, 16, 64, 256, 512, 's']
[2, 2, 8, 4, 0, 4, 16, 32, 8, 16, 32, 64, 16, 64, 256, 512, 's']
[2, 2, 8, 4, 2, 4, 16, 32, 8, 16, 32, 64, 16, 64, 256, 512, 'd']
[4, 4, 8, 4, 2, 4, 16, 32, 8, 16, 32, 64, 16, 64, 256, 512, 'd']
[2, 8, 8, 4, 2, 4, 16, 32, 8, 16, 32, 64, 16, 64, 256, 512, 'd']
[2, 2, 16, 4, 2, 4, 16, 32, 8, 16, 32, 64, 16, 64, 256, 512, 's']
[0, 2, 2, 4, 4, 4, 32, 32, 8, 16, 32, 64, 16, 64, 256, 512, 's']
[2, 2, 0, 4, 4, 4, 2, 32, 8, 16, 64, 64, 16, 64, 256, 512, 'd']
[0, 0, 4, 4, 4, 8, 2, 32, 0, 8, 16, 128, 16, 64, 256, 512, 's']
[0, 0, 4, 4, 0, 2, 2, 32, 4, 16, 16, 128, 16, 64, 256, 512, 'a']
[8, 0, 0, 0, 4, 32, 0, 2, 4, 32, 128, 0, 16, 64, 256, 512, 's']
[0, 0, 0, 0, 8, 0, 0, 2, 8, 64, 128, 2, 16, 64, 256, 512, 's']
[0, 0, 0, 0, 0, 4, 0, 0, 16, 0, 128, 4, 16, 128, 256, 512, 's']
[0, 0, 0, 0, 0, 0, 2, 0, 0, 4, 128, 4, 32, 128, 256, 512, 'a']
[2, 0, 0, 0, 2, 0, 0, 0, 4, 128, 4, 0, 32, 128, 256, 512, 's']
[0, 0, 0, 2, 4, 0, 0, 0, 4, 0, 4, 0, 32, 256, 256, 512, 's']
[0, 0, 2, 0, 0, 0, 0, 0, 8, 0, 4, 2, 32, 256, 256, 512, 'd']
[0, 4, 0, 2, 0, 0, 0, 0, 0, 8, 4, 2, 0, 32, 512, 512, 'd']
[0, 2, 4, 2, 0, 0, 0, 0, 0, 8, 4, 2, 0, 0, 32, 1024, 's']
[0, 0, 0, 0, 0, 0, 0, 0, 2, 2, 8, 4, 0, 8, 32, 1024, 's']
[0, 0, 0, 4, 0, 0, 0, 0, 0, 2, 8, 4, 2, 8, 32, 1024, 'a']
[4, 0, 0, 0, 0, 2, 0, 0, 2, 8, 4, 0, 2, 8, 32, 1024, 's']
[0, 2, 0, 0, 0, 0, 0, 0, 4, 2, 4, 0, 4, 16, 32, 1024, 's']
[0, 0, 0, 0, 0, 0, 0, 0, 0, 4, 4, 2, 8, 16, 32, 1024, 'd']
[0, 2, 0, 0, 0, 0, 0, 0, 0, 0, 8, 2, 8, 16, 32, 1024, 'd']
[4, 0, 0, 2, 0, 0, 0, 0, 0, 0, 8, 2, 8, 16, 32, 1024, 's']
[2, 0, 0, 0, 0, 0, 0, 0, 4, 0, 8, 4, 8, 16, 32, 1024, 's']
[0, 2, 0, 0, 2, 0, 0, 0, 4, 0, 8, 4, 8, 16, 32, 1024, 's']
[0, 0, 0, 0, 2, 0, 0, 2, 4, 2, 8, 4, 8, 16, 32, 1024, 'a']
[0, 0, 0, 0, 4, 2, 0, 0, 4, 2, 8, 4, 8, 16, 32, 1024, 's']
[0, 0, 0, 0, 0, 2, 0, 0, 8, 4, 8, 4, 8, 16, 32, 1024, 's']
[0, 0, 0, 0, 0, 2, 0, 2, 0, 4, 8, 4, 16, 16, 32, 1024, 'd']
[0, 0, 0, 0, 0, 2, 0, 4, 0, 4, 8, 4, 0, 32, 32, 1024, 'd']
[0, 0, 0, 0, 0, 0, 2, 4, 0, 4, 8, 4, 0, 4, 64, 1024, 's']
[0, 0, 0, 0, 0, 0, 2, 0, 2, 0, 8, 8, 0, 8, 64, 1024, 's']
[0, 0, 2, 0, 0, 0, 2, 0, 0, 0, 8, 8, 2, 8, 64, 1024, 'd']
[0, 0, 0, 2, 0, 0, 0, 2, 2, 0, 0, 16, 2, 8, 64, 1024, 's']
[0, 0, 0, 0, 2, 0, 0, 4, 0, 0, 0, 16, 4, 8, 64, 1024, 's']
[0, 4, 0, 0, 0, 0, 0, 4, 2, 0, 0, 16, 4, 8, 64, 1024, 's']
[0, 0, 0, 0, 0, 2, 0, 4, 2, 4, 0, 16, 4, 8, 64, 1024, 'a']
[0, 0, 0, 2, 2, 4, 0, 0, 2, 4, 16, 0, 4, 8, 64, 1024, 's']
[0, 0, 0, 0, 0, 0, 0, 2, 4, 8, 16, 2, 4, 8, 64, 1024, 's']
[0, 0, 0, 0, 0, 2, 0, 0, 0, 0, 16, 4, 8, 16, 64, 1024, 'd']
[0, 0, 0, 0, 0, 0, 0, 2, 0, 2, 16, 4, 8, 16, 64, 1024, 'a']
[0, 0, 0, 0, 2, 2, 0, 0, 2, 16, 4, 0, 8, 16, 64, 1024, 's']
[0, 0, 0, 0, 0, 2, 0, 0, 4, 2, 4, 0, 8, 32, 64, 1024, 's']
[0, 0, 0, 2, 0, 0, 0, 0, 4, 4, 4, 0, 8, 32, 64, 1024, 's']
[0, 0, 0, 0, 0, 4, 0, 0, 4, 4, 4, 2, 8, 32, 64, 1024, 's']
[0, 0, 0, 2, 0, 0, 0, 0, 4, 8, 4, 2, 8, 32, 64, 1024, 's']
[2, 0, 0, 0, 0, 0, 0, 0, 4, 8, 4, 4, 8, 32, 64, 1024, 'd']
[0, 0, 0, 2, 0, 4, 0, 0, 0, 4, 8, 8, 8, 32, 64, 1024, 'd']
[0, 0, 0, 2, 0, 2, 0, 4, 0, 0, 4, 16, 8, 32, 64, 1024, 'd']
[0, 0, 2, 2, 0, 0, 2, 4, 0, 0, 4, 16, 8, 32, 64, 1024, 'd']
[0, 0, 0, 4, 0, 0, 2, 4, 0, 4, 4, 16, 8, 32, 64, 1024, 'd']
[0, 0, 0, 4, 4, 0, 2, 4, 0, 0, 8, 16, 8, 32, 64, 1024, 's']
[0, 0, 0, 4, 0, 0, 2, 8, 4, 0, 8, 16, 8, 32, 64, 1024, 'a']
[4, 0, 0, 2, 2, 8, 0, 0, 4, 8, 16, 0, 8, 32, 64, 1024, 's']
[4, 0, 0, 0, 2, 0, 0, 2, 4, 16, 16, 2, 8, 32, 64, 1024, 'd']
[0, 0, 0, 4, 2, 0, 0, 4, 0, 4, 32, 2, 8, 32, 64, 1024, 's']
[0, 4, 0, 0, 0, 0, 0, 8, 2, 4, 32, 2, 8, 32, 64, 1024, 'd']
[0, 0, 0, 4, 0, 0, 2, 8, 2, 4, 32, 2, 8, 32, 64, 1024, 'a']
[4, 0, 0, 0, 2, 8, 4, 0, 2, 4, 32, 2, 8, 32, 64, 1024, 'd']
[0, 0, 0, 4, 2, 2, 8, 4, 2, 4, 32, 2, 8, 32, 64, 1024, 's']
[0, 0, 0, 0, 2, 2, 8, 8, 4, 4, 32, 2, 8, 32, 64, 1024, 'a']
[0, 0, 0, 2, 4, 16, 0, 0, 8, 32, 2, 0, 8, 32, 64, 1024, 's']
[0, 0, 0, 0, 0, 0, 0, 2, 4, 16, 2, 2, 16, 64, 64, 1024, 'd']
[0, 0, 0, 0, 0, 2, 0, 2, 0, 4, 16, 4, 0, 16, 128, 1024, 'a']
[0, 0, 0, 0, 4, 0, 0, 0, 4, 16, 4, 2, 16, 128, 1024, 0, 'd']
[2, 0, 0, 0, 0, 0, 0, 4, 4, 16, 4, 2, 0, 16, 128, 1024, 's']
[0, 0, 0, 0, 0, 0, 2, 4, 2, 0, 4, 2, 4, 32, 128, 1024, 'a']
[0, 2, 0, 0, 2, 4, 0, 0, 2, 4, 2, 0, 4, 32, 128, 1024, 's']
[0, 0, 0, 0, 0, 2, 2, 0, 4, 8, 2, 0, 4, 32, 128, 1024, 's']
[2, 0, 0, 0, 0, 2, 0, 0, 0, 8, 4, 0, 8, 32, 128, 1024, 's']
[0, 0, 0, 2, 0, 2, 0, 0, 2, 8, 4, 0, 8, 32, 128, 1024, 's']
[2, 0, 0, 0, 0, 2, 0, 0, 2, 8, 4, 2, 8, 32, 128, 1024, 's']
[0, 0, 0, 0, 2, 2, 0, 0, 4, 8, 4, 2, 8, 32, 128, 1024, 'a']
[0, 2, 0, 0, 4, 0, 0, 0, 4, 8, 4, 2, 8, 32, 128, 1024, 's']
[0, 0, 0, 2, 0, 2, 0, 0, 8, 8, 4, 2, 8, 32, 128, 1024, 's']
[0, 0, 2, 0, 0, 2, 0, 0, 0, 8, 4, 4, 16, 32, 128, 1024, 's']
[0, 2, 0, 0, 0, 2, 2, 0, 0, 8, 4, 4, 16, 32, 128, 1024, 'd']
[0, 0, 0, 2, 2, 0, 0, 4, 0, 0, 8, 8, 16, 32, 128, 1024, 'd']
[0, 0, 0, 2, 0, 2, 2, 4, 0, 0, 0, 16, 16, 32, 128, 1024, 'd']
[0, 0, 0, 2, 2, 0, 4, 4, 0, 0, 0, 16, 16, 32, 128, 1024, 's']
[0, 0, 0, 2, 2, 0, 0, 4, 2, 0, 4, 16, 16, 32, 128, 1024, 'd']
[0, 0, 0, 2, 0, 0, 2, 4, 2, 2, 4, 16, 16, 32, 128, 1024, 'a']
[2, 0, 0, 2, 2, 4, 0, 0, 4, 4, 16, 0, 16, 32, 128, 1024, 's']
[0, 0, 0, 0, 4, 0, 0, 2, 4, 8, 16, 2, 16, 32, 128, 1024, 's']
[0, 0, 0, 0, 2, 0, 0, 0, 8, 8, 16, 4, 16, 32, 128, 1024, 'a']
[0, 0, 0, 0, 2, 0, 4, 0, 16, 16, 4, 0, 16, 32, 128, 1024, 's']
[0, 0, 0, 0, 0, 0, 0, 2, 2, 16, 8, 0, 32, 32, 128, 1024, 's']
[2, 0, 0, 0, 0, 0, 0, 0, 2, 16, 8, 2, 32, 32, 128, 1024, 'd']
[0, 0, 0, 2, 0, 2, 0, 0, 2, 16, 8, 2, 0, 64, 128, 1024, 's']
[0, 0, 0, 0, 0, 2, 2, 0, 0, 16, 8, 4, 2, 64, 128, 1024, 'a']
[0, 0, 0, 0, 4, 2, 0, 0, 16, 8, 4, 0, 2, 64, 128, 1024, 'd']
[0, 0, 0, 0, 0, 0, 4, 2, 2, 16, 8, 4, 2, 64, 128, 1024, 'a']
[0, 4, 0, 0, 4, 2, 0, 0, 2, 16, 8, 4, 2, 64, 128, 1024, 's']
[0, 4, 2, 0, 0, 2, 0, 0, 4, 16, 8, 4, 4, 64, 128, 1024, 's']
[0, 4, 0, 0, 0, 2, 2, 4, 0, 16, 8, 4, 8, 64, 128, 1024, 's']
[0, 4, 0, 2, 0, 2, 2, 0, 0, 16, 8, 8, 8, 64, 128, 1024, 'd']
[0, 4, 4, 2, 0, 0, 0, 4, 0, 0, 16, 16, 8, 64, 128, 1024, 's']
[0, 0, 0, 2, 0, 0, 4, 4, 2, 4, 16, 16, 8, 64, 128, 1024, 'a']
[2, 0, 2, 0, 8, 0, 0, 0, 2, 4, 32, 0, 8, 64, 128, 1024, 'd']
[0, 0, 2, 4, 0, 0, 0, 8, 0, 2, 4, 32, 8, 64, 128, 1024, 'a']
[2, 4, 2, 0, 8, 0, 0, 0, 2, 4, 32, 0, 8, 64, 128, 1024, 's']
[2, 0, 0, 0, 8, 0, 2, 0, 2, 8, 32, 4, 8, 64, 128, 1024, 'a']
[2, 0, 0, 2, 8, 2, 0, 0, 2, 8, 32, 4, 8, 64, 128, 1024, 's']
[2, 0, 2, 0, 8, 2, 0, 2, 2, 8, 32, 4, 8, 64, 128, 1024, 'd']
[0, 0, 2, 4, 0, 0, 8, 4, 2, 8, 32, 4, 8, 64, 128, 1024, 'a']
[2, 4, 0, 0, 8, 4, 2, 0, 2, 8, 32, 4, 8, 64, 128, 1024, 's']
[2, 0, 0, 2, 8, 8, 2, 0, 2, 8, 32, 4, 8, 64, 128, 1024, 's']
[2, 2, 0, 0, 8, 0, 2, 2, 2, 16, 32, 4, 8, 64, 128, 1024, 's']
[2, 0, 2, 0, 8, 2, 2, 2, 2, 16, 32, 4, 8, 64, 128, 1024, 's']
[2, 0, 0, 2, 8, 2, 4, 2, 2, 16, 32, 4, 8, 64, 128, 1024, 's']
[2, 0, 2, 0, 8, 2, 4, 4, 2, 16, 32, 4, 8, 64, 128, 1024, 's']
[2, 0, 2, 4, 8, 2, 4, 0, 2, 16, 32, 8, 8, 64, 128, 1024, 's']
[2, 2, 2, 0, 8, 2, 4, 4, 2, 16, 32, 8, 8, 64, 128, 1024, 'd']
[0, 0, 2, 4, 2, 8, 2, 8, 2, 16, 32, 8, 8, 64, 128, 1024, 's']
[0, 0, 0, 0, 2, 8, 4, 4, 4, 16, 32, 16, 8, 64, 128, 1024, 'a']
[0, 0, 2, 0, 2, 8, 8, 0, 4, 16, 32, 16, 8, 64, 128, 1024, 'a']
[2, 0, 0, 2, 2, 16, 0, 0, 4, 16, 32, 16, 8, 64, 128, 1024, 's']
[0, 0, 0, 0, 4, 2, 0, 2, 4, 32, 32, 16, 8, 64, 128, 1024, 'd']
[0, 0, 0, 0, 0, 4, 4, 4, 0, 4, 64, 16, 8, 64, 128, 1024, 's']
[0, 0, 0, 0, 2, 0, 4, 4, 0, 8, 64, 16, 8, 64, 128, 1024, 'd']
[0, 0, 0, 2, 0, 0, 2, 8, 0, 8, 64, 16, 8, 64, 128, 1024, 'a']
[2, 0, 2, 0, 2, 8, 0, 0, 8, 64, 16, 0, 8, 64, 128, 1024, 's']
[0, 0, 0, 0, 0, 2, 2, 0, 4, 8, 16, 0, 16, 128, 128, 1024, 'a']
[0, 0, 0, 0, 4, 0, 0, 0, 4, 8, 16, 4, 16, 256, 1024, 0, 'd']
[2, 0, 0, 0, 0, 0, 0, 4, 4, 8, 16, 4, 0, 16, 256, 1024, 's']
[0, 0, 0, 0, 0, 0, 2, 0, 2, 8, 16, 8, 4, 16, 256, 1024, 'a']
[4, 0, 0, 0, 2, 0, 0, 0, 2, 8, 16, 8, 4, 16, 256, 1024, 'd']
[0, 2, 0, 4, 0, 0, 0, 2, 2, 8, 16, 8, 4, 16, 256, 1024, 's']
[2, 0, 0, 4, 0, 2, 0, 2, 2, 8, 16, 8, 4, 16, 256, 1024, 's']
[0, 0, 2, 4, 0, 2, 0, 2, 4, 8, 16, 8, 4, 16, 256, 1024, 's']
[0, 0, 2, 4, 0, 2, 2, 2, 0, 8, 16, 8, 8, 16, 256, 1024, 'd']
[0, 2, 2, 4, 0, 0, 2, 4, 0, 8, 16, 8, 8, 16, 256, 1024, 'd']
[0, 0, 4, 4, 2, 0, 2, 4, 0, 8, 16, 8, 8, 16, 256, 1024, 'd']
[0, 2, 0, 8, 0, 0, 4, 4, 0, 8, 16, 8, 8, 16, 256, 1024, 'd']
[0, 0, 2, 8, 0, 0, 4, 8, 0, 8, 16, 8, 8, 16, 256, 1024, 'a']
[2, 8, 2, 0, 4, 8, 0, 0, 8, 16, 8, 0, 8, 16, 256, 1024, 's']
[0, 0, 0, 0, 2, 4, 2, 0, 4, 16, 8, 0, 16, 32, 256, 1024, 'd']
[0, 0, 4, 0, 0, 2, 4, 2, 0, 4, 16, 8, 16, 32, 256, 1024, 'd']
[0, 2, 0, 4, 0, 2, 4, 2, 0, 4, 16, 8, 16, 32, 256, 1024, 's']
[0, 2, 0, 4, 0, 4, 4, 2, 0, 4, 16, 8, 16, 32, 256, 1024, 's']
[0, 0, 0, 4, 2, 2, 4, 2, 0, 8, 16, 8, 16, 32, 256, 1024, 's']
[2, 0, 0, 4, 0, 2, 4, 2, 2, 8, 16, 8, 16, 32, 256, 1024, 's']
[0, 2, 0, 4, 0, 2, 4, 2, 4, 8, 16, 8, 16, 32, 256, 1024, 'd']
[0, 2, 2, 4, 0, 2, 4, 2, 4, 8, 16, 8, 16, 32, 256, 1024, 'd']
[4, 0, 4, 4, 0, 2, 4, 2, 4, 8, 16, 8, 16, 32, 256, 1024, 's']
[2, 0, 0, 4, 0, 2, 8, 2, 8, 8, 16, 8, 16, 32, 256, 1024, 's']
[0, 2, 0, 4, 2, 2, 8, 2, 8, 8, 16, 8, 16, 32, 256, 1024, 's']
[0, 4, 0, 4, 2, 4, 8, 2, 8, 8, 16, 8, 16, 32, 256, 1024, 'd']
[0, 2, 0, 8, 2, 4, 8, 2, 0, 16, 16, 8, 16, 32, 256, 1024, 'd']
[0, 0, 2, 8, 2, 4, 8, 2, 0, 2, 32, 8, 16, 32, 256, 1024, 'a']
[2, 8, 0, 0, 2, 4, 8, 2, 2, 32, 8, 4, 16, 32, 256, 1024, 's']
[0, 0, 0, 0, 2, 8, 4, 2, 4, 4, 16, 4, 16, 64, 256, 1024, 'd']
[0, 0, 0, 0, 2, 8, 4, 2, 4, 8, 16, 4, 16, 64, 256, 1024, 's']
[0, 0, 0, 2, 2, 0, 4, 2, 4, 16, 16, 4, 16, 64, 256, 1024, 'd']
[0, 2, 0, 2, 0, 2, 4, 2, 0, 4, 32, 4, 16, 64, 256, 1024, 'd']
[0, 0, 0, 4, 0, 2, 4, 2, 2, 4, 32, 4, 16, 64, 256, 1024, 'a']
[4, 0, 0, 2, 2, 4, 2, 0, 2, 4, 32, 4, 16, 64, 256, 1024, 'd']
[2, 0, 4, 2, 0, 2, 4, 2, 2, 4, 32, 4, 16, 64, 256, 1024, 's']
[0, 0, 0, 2, 0, 2, 8, 4, 4, 4, 32, 4, 16, 64, 256, 1024, 'd']
[0, 0, 0, 2, 2, 2, 8, 4, 0, 8, 32, 4, 16, 64, 256, 1024, 's']
[0, 0, 0, 4, 0, 2, 8, 2, 2, 8, 32, 8, 16, 64, 256, 1024, 'a']
[4, 0, 0, 2, 2, 8, 2, 0, 2, 8, 32, 8, 16, 64, 256, 1024, 's']
[0, 0, 0, 0, 4, 2, 2, 2, 4, 16, 32, 8, 16, 64, 256, 1024, 's']
[0, 0, 0, 4, 0, 2, 2, 2, 8, 16, 32, 8, 16, 64, 256, 1024, 'a']
[4, 0, 2, 0, 4, 2, 0, 0, 8, 16, 32, 8, 16, 64, 256, 1024, 's']
[2, 0, 0, 0, 8, 2, 2, 0, 8, 16, 32, 8, 16, 64, 256, 1024, 's']
[0, 2, 0, 0, 2, 2, 2, 0, 16, 16, 32, 8, 16, 64, 256, 1024, 'd']
[0, 0, 0, 2, 0, 0, 2, 4, 4, 32, 32, 8, 16, 64, 256, 1024, 'a']
[2, 0, 4, 0, 2, 4, 0, 0, 4, 64, 8, 0, 16, 64, 256, 1024, 's']
[0, 0, 0, 2, 4, 0, 4, 0, 4, 4, 8, 0, 16, 128, 256, 1024, 'd']
[0, 0, 0, 2, 0, 0, 4, 8, 0, 0, 8, 8, 16, 128, 256, 1024, 'd']
[0, 0, 0, 2, 0, 0, 4, 8, 2, 0, 0, 16, 16, 128, 256, 1024, 'd']
[0, 0, 0, 2, 2, 0, 4, 8, 0, 0, 2, 16, 16, 128, 256, 1024, 's']
[0, 4, 0, 2, 0, 0, 4, 8, 2, 0, 2, 16, 16, 128, 256, 1024, 'd']
[0, 0, 4, 2, 0, 0, 4, 8, 0, 2, 4, 16, 16, 128, 256, 1024, 's']
[0, 0, 2, 2, 0, 0, 4, 8, 0, 2, 8, 16, 16, 128, 256, 1024, 'a']
[4, 4, 0, 0, 4, 8, 0, 0, 2, 8, 16, 0, 16, 128, 256, 1024, 's']
[0, 0, 2, 0, 8, 4, 0, 0, 2, 16, 16, 0, 16, 128, 256, 1024, 'd']
[4, 0, 0, 2, 0, 0, 8, 4, 0, 0, 2, 32, 16, 128, 256, 1024, 's']
[0, 0, 0, 2, 2, 0, 8, 4, 4, 0, 2, 32, 16, 128, 256, 1024, 'a']
[2, 0, 0, 2, 2, 8, 4, 0, 4, 2, 32, 0, 16, 128, 256, 1024, 'd']
[0, 0, 0, 4, 0, 2, 8, 4, 4, 4, 2, 32, 16, 128, 256, 1024, 's']
[0, 0, 2, 0, 0, 2, 8, 8, 4, 4, 2, 32, 16, 128, 256, 1024, 'd']
[0, 0, 2, 2, 0, 0, 2, 16, 0, 8, 2, 32, 16, 128, 256, 1024, 's']
[0, 0, 0, 2, 2, 0, 2, 16, 0, 8, 4, 32, 16, 128, 256, 1024, 'd']
[0, 0, 0, 2, 0, 0, 4, 16, 2, 8, 4, 32, 16, 128, 256, 1024, 's']
[0, 2, 0, 2, 0, 0, 0, 16, 2, 8, 8, 32, 16, 128, 256, 1024, 'd']
[2, 0, 0, 4, 0, 0, 0, 16, 0, 2, 16, 32, 16, 128, 256, 1024, 'd']
[0, 0, 2, 4, 0, 0, 0, 16, 2, 2, 16, 32, 16, 128, 256, 1024, 'd']
[2, 0, 2, 4, 0, 0, 0, 16, 0, 4, 16, 32, 16, 128, 256, 1024, 'd']
[0, 0, 4, 4, 0, 0, 2, 16, 0, 4, 16, 32, 16, 128, 256, 1024, 'a']
[8, 4, 0, 0, 2, 16, 0, 0, 4, 16, 32, 0, 16, 128, 256, 1024, 's']
[8, 0, 0, 2, 2, 4, 0, 0, 4, 32, 32, 0, 16, 128, 256, 1024, 'd']
[0, 0, 8, 2, 0, 0, 2, 4, 0, 2, 4, 64, 16, 128, 256, 1024, 'a']
[8, 2, 2, 0, 2, 4, 0, 0, 2, 4, 64, 0, 16, 128, 256, 1024, 'd']
[0, 0, 8, 4, 2, 0, 2, 4, 0, 2, 4, 64, 16, 128, 256, 1024, 's']
[0, 0, 8, 0, 2, 0, 2, 8, 2, 2, 4, 64, 16, 128, 256, 1024, 'd']
[0, 0, 0, 8, 0, 0, 4, 8, 2, 4, 4, 64, 16, 128, 256, 1024, 'd']
[2, 0, 0, 8, 0, 0, 4, 8, 0, 2, 8, 64, 16, 128, 256, 1024, 'd']
[0, 0, 2, 8, 0, 4, 4, 8, 0, 2, 8, 64, 16, 128, 256, 1024, 's']
[0, 0, 2, 2, 0, 4, 4, 16, 0, 2, 8, 64, 16, 128, 256, 1024, 'd']
[0, 0, 0, 4, 2, 0, 8, 16, 0, 2, 8, 64, 16, 128, 256, 1024, 's']
[0, 0, 2, 4, 0, 0, 0, 16, 2, 2, 16, 64, 16, 128, 256, 1024, 'd']
[0, 0, 2, 4, 0, 0, 0, 16, 2, 4, 16, 64, 16, 128, 256, 1024, 's']
[2, 0, 0, 4, 0, 0, 2, 16, 2, 4, 16, 64, 16, 128, 256, 1024, 'd']
[0, 0, 2, 4, 2, 0, 2, 16, 2, 4, 16, 64, 16, 128, 256, 1024, 'd']
[0, 0, 2, 4, 2, 0, 4, 16, 2, 4, 16, 64, 16, 128, 256, 1024, 's']
[0, 0, 2, 4, 0, 2, 4, 16, 4, 4, 16, 64, 16, 128, 256, 1024, 'd']
[0, 0, 2, 4, 0, 2, 4, 16, 2, 8, 16, 64, 16, 128, 256, 1024, 'a']
[2, 4, 0, 0, 2, 4, 16, 2, 2, 8, 16, 64, 16, 128, 256, 1024, 's']
[0, 2, 0, 0, 2, 8, 0, 2, 4, 8, 32, 64, 16, 128, 256, 1024, 's']
[0, 2, 0, 0, 2, 2, 0, 2, 4, 16, 32, 64, 16, 128, 256, 1024, 'd']
[0, 0, 0, 2, 2, 0, 2, 4, 4, 16, 32, 64, 16, 128, 256, 1024, 'd']
[0, 0, 0, 2, 2, 0, 4, 4, 4, 16, 32, 64, 16, 128, 256, 1024, 'a']
[2, 0, 0, 0, 2, 8, 0, 4, 4, 16, 32, 64, 16, 128, 256, 1024, 'd']
[2, 0, 0, 2, 0, 2, 8, 4, 4, 16, 32, 64, 16, 128, 256, 1024, 's']
[2, 0, 0, 2, 2, 2, 8, 4, 4, 16, 32, 64, 16, 128, 256, 1024, 's']
[0, 0, 2, 2, 4, 2, 8, 4, 4, 16, 32, 64, 16, 128, 256, 1024, 's']
[0, 0, 2, 2, 2, 2, 8, 4, 8, 16, 32, 64, 16, 128, 256, 1024, 'd']
[0, 0, 2, 4, 0, 4, 8, 4, 8, 16, 32, 64, 16, 128, 256, 1024, 's']
[2, 0, 2, 0, 0, 4, 8, 8, 8, 16, 32, 64, 16, 128, 256, 1024, 'd']
[0, 0, 2, 4, 0, 0, 4, 16, 8, 16, 32, 64, 16, 128, 256, 1024, 'a']
[2, 4, 0, 2, 4, 16, 0, 0, 8, 16, 32, 64, 16, 128, 256, 1024, 's']
[2, 2, 0, 0, 4, 4, 0, 2, 8, 32, 32, 64, 16, 128, 256, 1024, 'a']
[4, 0, 0, 2, 8, 2, 0, 0, 8, 64, 64, 0, 16, 128, 256, 1024, 'd']
[0, 0, 4, 2, 0, 2, 8, 2, 0, 0, 8, 128, 16, 128, 256, 1024, 'a']
[4, 2, 0, 0, 2, 8, 2, 2, 8, 128, 0, 0, 16, 128, 256, 1024, 's']
[4, 0, 0, 0, 2, 2, 4, 0, 8, 8, 2, 2, 16, 256, 256, 1024, 'a']
[4, 0, 0, 0, 4, 4, 2, 0, 16, 4, 0, 0, 16, 512, 1024, 0, 's']
[0, 0, 4, 0, 0, 0, 0, 0, 8, 8, 2, 0, 32, 512, 1024, 0, 'd']
[0, 2, 0, 4, 0, 0, 0, 0, 0, 0, 16, 2, 0, 32, 512, 1024, 'd']
[0, 2, 2, 4, 0, 0, 0, 0, 0, 0, 16, 2, 0, 32, 512, 1024, 'd']
[0, 0, 4, 4, 0, 0, 0, 0, 0, 0, 16, 2, 2, 32, 512, 1024, 'd']
[0, 0, 0, 8, 0, 0, 0, 0, 0, 2, 16, 2, 2, 32, 512, 1024, 'a']
[8, 2, 0, 0, 0, 0, 0, 0, 2, 16, 2, 0, 2, 32, 512, 1024, 's']
[0, 0, 0, 0, 0, 2, 2, 0, 8, 16, 2, 0, 4, 32, 512, 1024, 's']
[0, 0, 0, 0, 2, 2, 0, 0, 8, 16, 4, 0, 4, 32, 512, 1024, 'a']
[0, 0, 2, 0, 4, 0, 0, 0, 8, 16, 4, 0, 4, 32, 512, 1024, 's']
[0, 0, 0, 0, 4, 0, 2, 2, 8, 16, 4, 0, 4, 32, 512, 1024, 's']
[0, 4, 0, 0, 4, 0, 2, 0, 8, 16, 4, 2, 4, 32, 512, 1024, 'd']
[0, 0, 0, 4, 0, 2, 4, 2, 8, 16, 4, 2, 4, 32, 512, 1024, 's']
[0, 0, 0, 0, 2, 2, 0, 4, 8, 16, 8, 4, 4, 32, 512, 1024, 's']
[0, 2, 0, 0, 2, 2, 0, 0, 8, 16, 8, 8, 4, 32, 512, 1024, 'd']
[2, 0, 0, 2, 0, 0, 0, 4, 0, 8, 16, 16, 4, 32, 512, 1024, 'd']
[0, 0, 0, 4, 2, 0, 0, 4, 0, 0, 8, 32, 4, 32, 512, 1024, 's']
[0, 2, 0, 0, 0, 0, 0, 8, 2, 0, 8, 32, 4, 32, 512, 1024, 's']
[0, 0, 0, 0, 0, 0, 4, 8, 2, 2, 8, 32, 4, 32, 512, 1024, 'a']
[0, 2, 0, 0, 4, 8, 0, 0, 4, 8, 32, 0, 4, 32, 512, 1024, 's']
[2, 0, 0, 0, 0, 2, 0, 0, 4, 16, 32, 0, 8, 32, 512, 1024, 's']
[0, 0, 4, 0, 2, 2, 0, 0, 4, 16, 32, 0, 8, 32, 512, 1024, 'd']
[0, 0, 0, 4, 0, 0, 0, 4, 4, 4, 16, 32, 8, 32, 512, 1024, 'd']
[0, 0, 0, 4, 0, 0, 0, 4, 2, 8, 16, 32, 8, 32, 512, 1024, 'a']
[4, 0, 0, 0, 4, 0, 0, 2, 2, 8, 16, 32, 8, 32, 512, 1024, 's']
[0, 0, 0, 4, 8, 0, 0, 2, 2, 8, 16, 32, 8, 32, 512, 1024, 'a']
[4, 0, 0, 0, 8, 2, 2, 0, 2, 8, 16, 32, 8, 32, 512, 1024, 'a']
[4, 0, 2, 0, 8, 4, 0, 0, 2, 8, 16, 32, 8, 32, 512, 1024, 's']
[4, 0, 4, 0, 8, 4, 2, 0, 2, 8, 16, 32, 8, 32, 512, 1024, 'a']
[8, 0, 0, 0, 8, 4, 2, 2, 2, 8, 16, 32, 8, 32, 512, 1024, 'd']
[0, 0, 2, 8, 0, 8, 4, 4, 2, 8, 16, 32, 8, 32, 512, 1024, 's']
[0, 0, 2, 8, 0, 2, 4, 4, 2, 16, 16, 32, 8, 32, 512, 1024, 'a']
[2, 8, 2, 0, 2, 8, 0, 0, 2, 32, 32, 0, 8, 32, 512, 1024, 's']
[0, 0, 0, 2, 2, 0, 2, 0, 4, 16, 32, 0, 8, 64, 512, 1024, 'd']
[0, 0, 0, 2, 0, 2, 0, 4, 0, 4, 16, 32, 8, 64, 512, 1024, 'a']
[2, 0, 0, 0, 2, 4, 2, 0, 4, 16, 32, 0, 8, 64, 512, 1024, 's']
[0, 2, 0, 0, 4, 4, 2, 0, 4, 16, 32, 0, 8, 64, 512, 1024, 'd']
[0, 2, 0, 2, 0, 0, 8, 2, 0, 4, 16, 32, 8, 64, 512, 1024, 'd']
[0, 0, 0, 4, 4, 0, 8, 2, 0, 4, 16, 32, 8, 64, 512, 1024, 's']
[0, 0, 0, 4, 2, 0, 8, 2, 4, 4, 16, 32, 8, 64, 512, 1024, 'a']
[4, 0, 0, 4, 2, 8, 2, 0, 8, 16, 32, 0, 8, 64, 512, 1024, 'd']
[0, 0, 4, 8, 0, 2, 8, 2, 0, 8, 16, 32, 8, 64, 512, 1024, 'a']
[4, 8, 0, 0, 2, 8, 2, 2, 8, 16, 32, 0, 8, 64, 512, 1024, 's']
[0, 0, 0, 0, 4, 16, 2, 2, 2, 16, 32, 2, 16, 64, 512, 1024, 's']
[0, 0, 2, 0, 4, 0, 2, 0, 2, 32, 32, 4, 16, 64, 512, 1024, 'd']
[0, 2, 0, 2, 0, 0, 4, 2, 0, 2, 64, 4, 16, 64, 512, 1024, 'd']
[0, 0, 0, 4, 2, 0, 4, 2, 0, 2, 64, 4, 16, 64, 512, 1024, 's']
[0, 0, 2, 4, 0, 0, 4, 2, 2, 2, 64, 4, 16, 64, 512, 1024, 'a']
[2, 4, 0, 0, 4, 2, 0, 2, 4, 64, 4, 0, 16, 64, 512, 1024, 's']
[0, 0, 2, 0, 2, 4, 0, 0, 8, 2, 4, 2, 16, 128, 512, 1024, 's']
[0, 0, 0, 0, 2, 4, 2, 2, 8, 2, 4, 2, 16, 128, 512, 1024, 'd']
[0, 0, 0, 0, 2, 2, 4, 4, 8, 2, 4, 2, 16, 128, 512, 1024, 's']
[0, 0, 0, 0, 2, 0, 2, 4, 8, 4, 8, 2, 16, 128, 512, 1024, 'a']
[4, 0, 0, 0, 4, 4, 0, 0, 8, 4, 8, 2, 16, 128, 512, 1024, 's']
[0, 0, 0, 0, 8, 4, 0, 0, 8, 8, 8, 2, 16, 128, 512, 1024, 's']
[0, 0, 0, 0, 0, 4, 4, 0, 16, 8, 8, 2, 16, 128, 512, 1024, 's']
[0, 0, 0, 2, 0, 4, 4, 0, 0, 8, 8, 2, 32, 128, 512, 1024, 'd']
[0, 0, 2, 2, 0, 0, 0, 8, 0, 0, 16, 2, 32, 128, 512, 1024, 'd']
[0, 0, 2, 4, 0, 0, 0, 8, 0, 0, 16, 2, 32, 128, 512, 1024, 'a']
[2, 4, 0, 0, 8, 0, 2, 0, 16, 2, 0, 0, 32, 128, 512, 1024, 's']
[2, 0, 0, 0, 8, 4, 2, 0, 16, 2, 2, 0, 32, 128, 512, 1024, 's']
[2, 2, 0, 0, 8, 4, 0, 0, 16, 2, 4, 0, 32, 128, 512, 1024, 'a']
[4, 0, 0, 0, 8, 4, 0, 0, 16, 2, 4, 2, 32, 128, 512, 1024, 'd']
[0, 0, 0, 4, 2, 0, 8, 4, 16, 2, 4, 2, 32, 128, 512, 1024, 's']
[2, 0, 0, 0, 2, 0, 8, 8, 16, 2, 4, 2, 32, 128, 512, 1024, 's']
[0, 0, 2, 0, 4, 0, 8, 8, 16, 2, 4, 2, 32, 128, 512, 1024, 'a']
[2, 0, 2, 0, 4, 16, 0, 0, 16, 2, 4, 2, 32, 128, 512, 1024, 'd']
[2, 0, 0, 4, 0, 0, 4, 16, 16, 2, 4, 2, 32, 128, 512, 1024, 's']
[0, 0, 4, 4, 2, 0, 0, 16, 16, 2, 8, 2, 32, 128, 512, 1024, 's']
[0, 0, 2, 4, 2, 0, 4, 16, 16, 2, 8, 2, 32, 128, 512, 1024, 'd']
[0, 0, 2, 4, 2, 2, 4, 16, 16, 2, 8, 2, 32, 128, 512, 1024, 's']
[0, 2, 2, 4, 2, 0, 4, 16, 16, 4, 8, 2, 32, 128, 512, 1024, 'd']
[2, 0, 4, 4, 0, 2, 4, 16, 16, 4, 8, 2, 32, 128, 512, 1024, 'd']
[0, 2, 2, 8, 0, 2, 4, 16, 16, 4, 8, 2, 32, 128, 512, 1024, 'd']
[2, 0, 4, 8, 0, 2, 4, 16, 16, 4, 8, 2, 32, 128, 512, 1024, 'd']
[2, 2, 4, 8, 0, 2, 4, 16, 16, 4, 8, 2, 32, 128, 512, 1024, 'd']
[2, 4, 4, 8, 0, 2, 4, 16, 16, 4, 8, 2, 32, 128, 512, 1024, 's']
[2, 4, 0, 8, 2, 2, 8, 16, 16, 4, 8, 2, 32, 128, 512, 1024, 'd']
[0, 2, 4, 8, 4, 4, 8, 16, 16, 4, 8, 2, 32, 128, 512, 1024, 'd']
[4, 2, 4, 8, 0, 8, 8, 16, 16, 4, 8, 2, 32, 128, 512, 1024, 'd']
[4, 2, 4, 8, 2, 0, 16, 16, 16, 4, 8, 2, 32, 128, 512, 1024, 'd']
[4, 2, 4, 8, 2, 0, 2, 32, 16, 4, 8, 2, 32, 128, 512, 1024, 's']
[4, 2, 4, 8, 2, 2, 2, 32, 16, 4, 8, 2, 32, 128, 512, 1024, 'd']
[4, 2, 4, 8, 2, 2, 4, 32, 16, 4, 8, 2, 32, 128, 512, 1024, 'd']
[4, 2, 4, 8, 2, 4, 4, 32, 16, 4, 8, 2, 32, 128, 512, 1024, 'd']
[4, 2, 4, 8, 2, 2, 8, 32, 16, 4, 8, 2, 32, 128, 512, 1024, 's']
[4, 0, 4, 8, 2, 4, 4, 32, 16, 4, 16, 2, 32, 128, 512, 1024, 'd']
[0, 2, 8, 8, 0, 2, 8, 32, 16, 4, 16, 2, 32, 128, 512, 1024, 'd']
[0, 2, 2, 16, 0, 2, 8, 32, 16, 4, 16, 2, 32, 128, 512, 1024, 's']
[0, 0, 2, 16, 2, 4, 8, 32, 16, 4, 16, 2, 32, 128, 512, 1024, 's']
[0, 0, 2, 16, 2, 2, 8, 32, 16, 8, 16, 2, 32, 128, 512, 1024, 'd']
[0, 2, 2, 16, 0, 4, 8, 32, 16, 8, 16, 2, 32, 128, 512, 1024, 'd']
[0, 0, 4, 16, 2, 4, 8, 32, 16, 8, 16, 2, 32, 128, 512, 1024, 'a']
[4, 16, 0, 2, 2, 4, 8, 32, 16, 8, 16, 2, 32, 128, 512, 1024, 'd']
[2, 4, 16, 2, 2, 4, 8, 32, 16, 8, 16, 2, 32, 128, 512, 1024, 's']
[2, 0, 16, 2, 4, 8, 8, 32, 16, 8, 16, 2, 32, 128, 512, 1024, 's']
[2, 2, 16, 2, 4, 0, 8, 32, 16, 16, 16, 2, 32, 128, 512, 1024, 's']
[2, 4, 16, 2, 4, 2, 8, 32, 16, 16, 16, 2, 32, 128, 512, 1024, 'a']
[2, 4, 16, 2, 4, 2, 8, 32, 32, 16, 2, 2, 32, 128, 512, 1024, 's']
[2, 4, 16, 2, 2, 2, 8, 32, 4, 16, 2, 2, 64, 128, 512, 1024, 'd']
[2, 4, 16, 2, 0, 4, 8, 32, 2, 4, 16, 4, 64, 128, 512, 1024, 's']
[0, 2, 16, 2, 0, 4, 8, 32, 4, 8, 16, 4, 64, 128, 512, 1024, 'a']
[2, 16, 2, 0, 4, 8, 32, 2, 4, 8, 16, 4, 64, 128, 512, 1024, 's']
[4, 0, 2, 0, 2, 16, 32, 2, 8, 16, 16, 4, 64, 128, 512, 1024, 'd']
[0, 2, 4, 2, 2, 16, 32, 2, 0, 8, 32, 4, 64, 128, 512, 1024, 's']
[0, 2, 0, 2, 0, 16, 4, 4, 2, 8, 64, 4, 64, 128, 512, 1024, 'd']
[0, 0, 2, 4, 0, 0, 16, 8, 2, 8, 64, 4, 64, 128, 512, 1024, 'a']
[2, 4, 0, 0, 16, 8, 2, 0, 2, 8, 64, 4, 64, 128, 512, 1024, 's']
[2, 2, 0, 0, 16, 4, 2, 0, 2, 16, 64, 4, 64, 128, 512, 1024, 'd']
[0, 0, 0, 4, 2, 16, 4, 2, 2, 16, 64, 4, 64, 128, 512, 1024, 's']
[0, 2, 0, 4, 0, 0, 4, 2, 4, 32, 64, 4, 64, 128, 512, 1024, 's']
[0, 0, 0, 4, 2, 2, 4, 2, 4, 32, 64, 4, 64, 128, 512, 1024, 'a']
[4, 2, 0, 0, 4, 4, 2, 0, 4, 32, 64, 4, 64, 128, 512, 1024, 's']
[0, 2, 2, 0, 4, 4, 2, 0, 8, 32, 64, 4, 64, 128, 512, 1024, 'd']
[0, 0, 0, 4, 2, 0, 8, 2, 8, 32, 64, 4, 64, 128, 512, 1024, 'a']
[4, 0, 0, 0, 2, 8, 2, 2, 8, 32, 64, 4, 64, 128, 512, 1024, 'd']
[0, 0, 0, 4, 2, 2, 8, 4, 8, 32, 64, 4, 64, 128, 512, 1024, 's']
[2, 0, 0, 0, 2, 2, 8, 4, 8, 32, 64, 8, 64, 128, 512, 1024, 's']
[4, 0, 0, 0, 4, 2, 8, 4, 8, 32, 64, 8, 64, 128, 512, 1024, 'd']
[2, 0, 0, 4, 4, 2, 8, 4, 8, 32, 64, 8, 64, 128, 512, 1024, 's']
[2, 0, 0, 2, 4, 2, 8, 8, 8, 32, 64, 8, 64, 128, 512, 1024, 's']
[2, 0, 2, 0, 4, 2, 8, 2, 8, 32, 64, 16, 64, 128, 512, 1024, 'a']
[4, 0, 0, 2, 4, 2, 8, 2, 8, 32, 64, 16, 64, 128, 512, 1024, 's']
[0, 0, 4, 0, 8, 2, 8, 4, 8, 32, 64, 16, 64, 128, 512, 1024, 'd']
[0, 2, 0, 4, 8, 2, 8, 4, 8, 32, 64, 16, 64, 128, 512, 1024, 's']
[0, 2, 0, 0, 0, 4, 8, 8, 16, 32, 64, 16, 64, 128, 512, 1024, 'a']
[2, 0, 0, 0, 4, 16, 0, 2, 16, 32, 64, 16, 64, 128, 512, 1024, 'a']
[2, 0, 2, 0, 4, 16, 2, 0, 16, 32, 64, 16, 64, 128, 512, 1024, 's']
[2, 2, 0, 0, 4, 16, 4, 0, 16, 32, 64, 16, 64, 128, 512, 1024, 'd']
[2, 0, 0, 4, 0, 4, 16, 4, 16, 32, 64, 16, 64, 128, 512, 1024, 's']
[0, 0, 0, 2, 2, 4, 16, 8, 16, 32, 64, 16, 64, 128, 512, 1024, 'a']
[2, 4, 0, 0, 2, 4, 16, 8, 16, 32, 64, 16, 64, 128, 512, 1024, 'd']
[0, 2, 2, 4, 2, 4, 16, 8, 16, 32, 64, 16, 64, 128, 512, 1024, 'a']
[4, 4, 0, 4, 2, 4, 16, 8, 16, 32, 64, 16, 64, 128, 512, 1024, 'd']
[0, 4, 4, 8, 2, 4, 16, 8, 16, 32, 64, 16, 64, 128, 512, 1024, 's']
[0, 2, 4, 0, 2, 8, 16, 16, 16, 32, 64, 16, 64, 128, 512, 1024, 'd']
[0, 0, 2, 4, 2, 2, 8, 32, 16, 32, 64, 16, 64, 128, 512, 1024, 'd']
[0, 0, 2, 4, 2, 4, 8, 32, 16, 32, 64, 16, 64, 128, 512, 1024, 'a']
[2, 4, 2, 0, 2, 4, 8, 32, 16, 32, 64, 16, 64, 128, 512, 1024, 'd']
[2, 2, 4, 2, 2, 4, 8, 32, 16, 32, 64, 16, 64, 128, 512, 1024, 'd']
[4, 4, 4, 2, 2, 4, 8, 32, 16, 32, 64, 16, 64, 128, 512, 1024, 's']
[4, 2, 4, 2, 2, 8, 8, 32, 16, 32, 64, 16, 64, 128, 512, 1024, 'd']
[4, 2, 4, 2, 2, 2, 16, 32, 16, 32, 64, 16, 64, 128, 512, 1024, 's']
[4, 4, 4, 2, 2, 4, 16, 32, 16, 32, 64, 16, 64, 128, 512, 1024, 's']
