[0, 0, 0, 0, 0, 0, 0, 0, 0, 0, 0, 2, 0, 2, 0, 0, 'a']
[4, 0, 0, 0, 0, 0, 0, 0, 2, 0, 0, 0, 2, 0, 0, 0, 'w']
[4, 0, 2, 0, 4, 0, 0, 0, 0, 0, 0, 0, 0, 0, 0, 0, 'w']
[8, 0, 2, 0, 0, 0, 0, 0, 0, 2, 0, 0, 0, 0, 0, 0, 'a']
[8, 2, 0, 0, 0, 0, 4, 0, 2, 0, 0, 0, 0, 0, 0, 0, 'w']
[8, 2, 4, 0, 2, 0, 0, 0, 0, 0, 0, 0, 0, 0, 2, 0, 'a']
[8, 2, 4, 0, 2, 0, 0, 0, 0, 0, 0, 0, 2, 0, 4, 0, 'w']
[8, 2, 8, 0, 4, 2, 0, 0, 0, 0, 0, 0, 0, 0, 0, 0, 'w']
[8, 4, 8, 0, 4, 0, 0, 0, 0, 0, 0, 0, 0, 0, 2, 0, 'a']
[8, 4, 8, 0, 4, 0, 0, 0, 2, 0, 0, 0, 2, 0, 0, 0, 'd']
[2, 8, 4, 8, 0, 0, 0, 4, 0, 0, 0, 2, 0, 0, 0, 2, 'w']
[2, 8, 4, 8, 0, 0, 0, 4, 0, 0, 0, 4, 0, 2, 0, 0, 'w']
[2, 8, 4, 8, 0, 2, 0, 8, 2, 0, 0, 0, 0, 0, 0, 0, 'w']
[4, 8, 4, 16, 2, 2, 0, 0, 0, 0, 0, 0, 0, 0, 0, 0, 'a']
[4, 8, 4, 16, 4, 0, 0, 0, 0, 0, 0, 0, 2, 0, 0, 0, 'w']
[8, 8, 4, 16, 2, 0, 0, 0, 0, 2, 0, 0, 0, 0, 0, 0, 'a']
[16, 4, 16, 0, 2, 0, 0, 0, 2, 0, 0, 2, 0, 0, 0, 0, 'w']
[16, 4, 16, 2, 4, 0, 0, 0, 0, 4, 0, 0, 0, 0, 0, 0, 'w']
[16, 8, 16, 2, 4, 2, 0, 0, 0, 0, 0, 0, 0, 0, 0, 0, 'd']
[16, 8, 16, 2, 0, 0, 4, 2, 0, 0, 0, 0, 0, 2, 0, 0, 'w']
[16, 8, 16, 4, 2, 2, 4, 0, 0, 0, 0, 0, 0, 0, 0, 0, 'd']
[16, 8, 16, 4, 4, 0, 4, 4, 0, 0, 0, 0, 0, 0, 0, 0, 'w']
[16, 8, 16, 8, 4, 0, 4, 0, 0, 0, 0, 0, 0, 0, 0, 2, 'w']
[16, 8, 16, 8, 4, 0, 4, 2, 2, 0, 0, 0, 0, 0, 0, 0, 'd']
[16, 8, 16, 8, 0, 0, 8, 2, 0, 0, 0, 2, 0, 0, 0, 2, 'w']
[16, 8, 16, 8, 0, 0, 8, 4, 0, 0, 0, 2, 0, 2, 0, 0, 'w']
[16, 8, 16, 8, 0, 2, 8, 4, 0, 0, 2, 2, 0, 0, 0, 0, 'd']
[16, 8, 16, 8, 2, 2, 8, 4, 0, 0, 0, 4, 0, 0, 0, 0, 'w']
[16, 8, 16, 8, 2, 2, 8, 8, 0, 0, 0, 0, 0, 0, 0, 2, 'w']
[16, 8, 16, 16, 2, 2, 8, 2, 0, 0, 0, 0, 2, 0, 0, 0, 'w']
[16, 8, 16, 16, 4, 2, 8, 2, 2, 0, 0, 0, 0, 0, 0, 0, 'd']
[0, 16, 8, 32, 4, 2, 8, 2, 0, 0, 0, 2, 2, 0, 0, 0, 'w']
[4, 16, 16, 32, 2, 2, 0, 4, 0, 0, 0, 0, 0, 0, 0, 2, 'a']
[4, 32, 32, 0, 4, 4, 2, 0, 0, 0, 0, 0, 2, 0, 0, 0, 'a']
[4, 64, 0, 0, 8, 2, 0, 4, 0, 0, 0, 0, 2, 0, 0, 0, 'a']
[4, 64, 2, 0, 8, 2, 4, 0, 0, 0, 0, 0, 2, 0, 0, 0, 'd']
[0, 4, 64, 2, 0, 8, 2, 4, 0, 0, 0, 0, 0, 2, 0, 2, 'a']
[4, 64, 2, 0, 8, 2, 4, 0, 0, 0, 0, 0, 4, 0, 0, 2, 'w']
[4, 64, 2, 2, 8, 2, 4, 0, 4, 0, 0, 0, 0, 0, 0, 2, 'w']
[4, 64, 2, 4, 8, 2, 4, 4, 4, 0, 0, 0, 0, 0, 0, 0, 'w']
[4, 64, 2, 8, 8, 2, 4, 0, 4, 2, 0, 0, 0, 0, 0, 0, 'd']
[4, 64, 2, 8, 0, 8, 2, 4, 0, 0, 4, 2, 0, 0, 2, 0, 'w']
[4, 64, 4, 8, 0, 8, 4, 4, 0, 0, 2, 2, 0, 0, 0, 2, 'w']
[4, 64, 8, 8, 2, 8, 2, 4, 0, 0, 0, 4, 0, 0, 0, 0, 'w']
[4, 64, 8, 8, 2, 8, 2, 8, 0, 0, 0, 0, 0, 0, 0, 2, 'w']
[4, 64, 8, 16, 2, 8, 2, 2, 2, 0, 0, 0, 0, 0, 0, 0, 'w']
[4, 64, 8, 16, 4, 8, 2, 2, 0, 0, 0, 2, 0, 0, 0, 0, 'w']
[8, 64, 8, 16, 0, 8, 2, 4, 0, 0, 2, 0, 0, 0, 0, 0, 'w']
[8, 64, 8, 16, 2, 8, 4, 4, 0, 0, 0, 0, 0, 0, 0, 0, 'a']
[8, 64, 8, 16, 2, 8, 8, 0, 0, 0, 0, 0, 2, 0, 0, 0, 'w']
[8, 64, 16, 16, 4, 8, 0, 0, 0, 0, 0, 2, 0, 0, 0, 0, 'a']
[8, 64, 32, 0, 4, 8, 0, 0, 2, 2, 0, 0, 0, 0, 0, 0, 'd']
[0, 8, 64, 32, 0, 0, 4, 8, 0, 0, 0, 4, 0, 0, 0, 4, 'w']
[0, 8, 64, 32, 0, 0, 4, 8, 0, 0, 0, 8, 0, 0, 2, 0, 'w']
[0, 8, 64, 32, 2, 0, 4, 16, 0, 0, 2, 0, 0, 0, 0, 0, 'w']
[2, 8, 64, 32, 0, 0, 4, 16, 0, 0, 2, 0, 2, 0, 0, 0, 'w']
[4, 8, 64, 32, 2, 0, 4, 16, 0, 0, 2, 0, 0, 0, 0, 0, 'd']
[4, 8, 64, 32, 0, 2, 4, 16, 0, 0, 0, 2, 0, 0, 2, 0, 'w']
[4, 8, 64, 32, 2, 2, 4, 16, 0, 0, 2, 2, 0, 0, 0, 0, 'd']
[4, 8, 64, 32, 0, 4, 4, 16, 0, 0, 2, 4, 0, 0, 0, 0, 'd']
[4, 8, 64, 32, 0, 0, 8, 16, 0, 0, 2, 4, 2, 0, 0, 0, 'w']
[4, 8, 64, 32, 2, 0, 8, 16, 0, 0, 2, 4, 0, 0, 0, 2, 'd']
[4, 8, 64, 32, 2, 2, 8, 16, 0, 0, 2, 4, 0, 0, 0, 2, 'd']
[4, 8, 64, 32, 2, 4, 8, 16, 0, 0, 2, 4, 0, 0, 0, 2, 'a']
[4, 8, 64, 32, 2, 4, 8, 16, 2, 4, 0, 0, 2, 2, 0, 0, 'w']
[4, 8, 64, 32, 4, 8, 8, 16, 2, 2, 4, 0, 0, 0, 0, 0, 'w']
[8, 16, 64, 32, 2, 2, 8, 16, 0, 0, 4, 0, 0, 0, 0, 2, 'w']
[8, 16, 64, 32, 2, 2, 8, 16, 0, 0, 4, 2, 2, 0, 0, 0, 'w']
[8, 16, 64, 32, 4, 2, 8, 16, 0, 2, 4, 2, 0, 0, 0, 0, 'w']
[8, 16, 64, 32, 4, 4, 8, 16, 0, 0, 4, 2, 4, 0, 0, 0, 'w']
[8, 16, 64, 32, 8, 4, 8, 16, 0, 0, 4, 2, 0, 2, 0, 0, 'w']
[16, 16, 64, 32, 0, 4, 8, 16, 0, 2, 4, 2, 2, 0, 0, 0, 'w']
[16, 16, 64, 32, 2, 4, 8, 16, 2, 2, 4, 2, 0, 0, 0, 0, 'w']
[16, 16, 64, 32, 4, 4, 8, 16, 0, 2, 4, 2, 0, 2, 0, 0, 'a']
[32, 64, 32, 2, 8, 8, 16, 0, 2, 4, 2, 0, 2, 0, 0, 0, 'a']
[32, 64, 32, 2, 16, 16, 0, 0, 2, 4, 2, 0, 2, 0, 0, 2, 'w']
[32, 64, 32, 4, 16, 16, 2, 0, 4, 4, 0, 0, 0, 0, 2, 0, 'a']
[32, 64, 32, 4, 32, 2, 0, 0, 8, 0, 0, 0, 2, 0, 2, 0, 'w']
[64, 64, 32, 4, 8, 2, 2, 0, 2, 0, 2, 0, 0, 0, 0, 0, 'a']
[128, 32, 4, 0, 8, 4, 0, 0, 4, 0, 0, 2, 0, 0, 0, 0, 'w']
[128, 32, 4, 2, 8, 4, 0, 2, 4, 0, 0, 0, 0, 0, 0, 0, 'w']
[128, 32, 4, 4, 8, 4, 0, 0, 4, 0, 0, 2, 0, 0, 0, 0, 'a']
[128, 32, 8, 2, 8, 4, 0, 0, 4, 2, 0, 0, 0, 0, 0, 0, 'd']
[128, 32, 8, 2, 0, 0, 8, 4, 0, 0, 4, 2, 0, 0, 0, 2, 'w']
[128, 32, 16, 2, 0, 0, 4, 4, 0, 0, 0, 4, 0, 0, 2, 0, 'w']
[128, 32, 16, 2, 0, 0, 4, 8, 0, 0, 2, 0, 0, 4, 0, 0, 'w']
[128, 32, 16, 2, 2, 4, 4, 8, 0, 0, 2, 0, 0, 0, 0, 0, 'a']
[128, 32, 16, 2, 2, 8, 8, 0, 2, 0, 0, 0, 0, 0, 4, 0, 'w']
[128, 32, 16, 2, 4, 8, 8, 0, 0, 0, 4, 0, 0, 0, 0, 2, 'w']
[128, 32, 16, 4, 4, 8, 8, 0, 0, 0, 4, 0, 0, 2, 0, 0, 'w']
[128, 32, 16, 4, 4, 8, 8, 2, 0, 2, 4, 0, 0, 0, 0, 0, 'd']
[128, 32, 16, 4, 4, 4, 16, 2, 0, 0, 2, 4, 0, 0, 0, 0, 'w']
[128, 32, 32, 4, 4, 4, 2, 2, 2, 0, 0, 4, 0, 0, 0, 0, 'd']
[0, 128, 64, 4, 0, 0, 8, 4, 0, 0, 2, 4, 2, 0, 0, 0, 'w']
[2, 128, 64, 8, 2, 0, 8, 4, 0, 0, 2, 0, 0, 0, 0, 0, 'w']
[4, 128, 64, 8, 0, 0, 8, 4, 0, 0, 2, 0, 0, 0, 2, 0, 'w']
[4, 128, 64, 8, 0, 4, 8, 4, 0, 0, 4, 0, 0, 0, 0, 0, 'd']
[4, 128, 64, 8, 0, 4, 8, 4, 0, 0, 0, 4, 0, 0, 2, 0, 'w']
[4, 128, 64, 8, 0, 4, 8, 8, 2, 0, 2, 0, 0, 0, 0, 0, 'w']
[4, 128, 64, 16, 2, 4, 8, 0, 0, 0, 2, 0, 0, 0, 0, 4, 'w']
[4, 128, 64, 16, 2, 4, 8, 4, 0, 0, 2, 0, 0, 0, 2, 0, 'w']
[4, 128, 64, 16, 2, 4, 8, 4, 2, 0, 4, 0, 0, 0, 0, 0, 'w']
[4, 128, 64, 16, 4, 4, 8, 4, 0, 0, 4, 0, 0, 2, 0, 0, 'w']
[8, 128, 64, 16, 0, 4, 8, 4, 0, 2, 4, 0, 2, 0, 0, 0, 'w']
[8, 128, 64, 16, 2, 4, 8, 4, 0, 2, 4, 0, 0, 0, 0, 2, 'w']
[8, 128, 64, 16, 2, 4, 8, 4, 0, 2, 4, 2, 2, 0, 0, 0, 'w']
[8, 128, 64, 16, 4, 4, 8, 4, 0, 2, 4, 2, 0, 0, 4, 0, 'w']
[8, 128, 64, 16, 4, 4, 8, 4, 2, 2, 8, 2, 0, 0, 0, 0, 'w']
[8, 128, 64, 16, 4, 4, 16, 4, 2, 2, 2, 2, 0, 0, 0, 0, 'd']
[8, 128, 64, 16, 0, 8, 16, 4, 0, 0, 4, 4, 0, 2, 0, 0, 'w']
[8, 128, 64, 16, 2, 8, 16, 8, 0, 2, 4, 0, 0, 0, 0, 0, 'd']
[8, 128, 64, 16, 2, 8, 16, 8, 0, 0, 2, 4, 0, 0, 0, 2, 'a']
[8, 128, 64, 16, 2, 8, 16, 8, 2, 4, 2, 0, 2, 0, 0, 0, 'w']
[8, 128, 64, 16, 4, 8, 16, 8, 2, 4, 2, 0, 0, 0, 0, 2, 'w']
[8, 128, 64, 16, 4, 8, 16, 8, 2, 4, 2, 2, 2, 0, 0, 0, 'w']
[8, 128, 64, 16, 4, 8, 16, 8, 4, 4, 2, 2, 0, 0, 2, 0, 'w']
[8, 128, 64, 16, 8, 8, 16, 8, 0, 4, 4, 2, 2, 0, 0, 0, 'w']
[16, 128, 64, 16, 2, 8, 16, 8, 4, 4, 4, 2, 0, 0, 0, 0, 'd']
[16, 128, 64, 16, 2, 8, 16, 8, 0, 4, 8, 2, 2, 0, 0, 0, 'w']
[16, 128, 64, 16, 4, 8, 16, 8, 0, 4, 8, 2, 0, 4, 0, 0, 'w']
[16, 128, 64, 16, 4, 8, 16, 8, 0, 8, 8, 2, 2, 0, 0, 0, 'w']
[16, 128, 64, 16, 4, 16, 16, 8, 2, 2, 8, 2, 0, 0, 0, 0, 'd']
[16, 128, 64, 16, 0, 4, 32, 8, 0, 4, 8, 2, 0, 2, 0, 0, 'w']
[16, 128, 64, 16, 0, 8, 32, 8, 0, 2, 8, 2, 0, 2, 0, 0, 'w']
[16, 128, 64, 16, 0, 8, 32, 8, 0, 4, 8, 2, 4, 0, 0, 0, 'w']
[16, 128, 64, 16, 4, 8, 32, 8, 0, 4, 8, 2, 4, 0, 0, 0, 'w']
[16, 128, 64, 16, 8, 8, 32, 8, 0, 4, 8, 2, 0, 0, 0, 4, 'd']
[16, 128, 64, 16, 0, 16, 32, 8, 0, 4, 8, 2, 0, 0, 2, 4, 'a']
[16, 128, 64, 16, 16, 32, 8, 0, 4, 8, 2, 4, 2, 4, 0, 0, 'w']
[32, 128, 64, 16, 4, 32, 8, 4, 2, 8, 2, 0, 4, 4, 0, 0, 'd']
[32, 128, 64, 16, 4, 32, 8, 4, 0, 2, 8, 2, 4, 0, 0, 8, 'w']
[32, 128, 64, 16, 8, 32, 16, 4, 4, 2, 0, 2, 0, 0, 0, 8, 'd']
[32, 128, 64, 16, 8, 32, 16, 4, 2, 0, 4, 4, 0, 0, 0, 8, 'w']
[32, 128, 64, 16, 8, 32, 16, 8, 2, 0, 4, 8, 0, 2, 0, 0, 'w']
[32, 128, 64, 16, 8, 32, 16, 16, 2, 2, 4, 0, 0, 2, 0, 0, 'w']
[32, 128, 64, 32, 8, 32, 16, 0, 2, 4, 4, 0, 0, 2, 0, 0, 'd']
[32, 128, 64, 32, 4, 8, 32, 16, 0, 0, 2, 8, 0, 0, 0, 2, 'a']
[32, 128, 64, 32, 4, 8, 32, 16, 2, 8, 2, 0, 2, 0, 0, 0, 'w']
[32, 128, 64, 32, 4, 16, 32, 16, 4, 0, 2, 0, 0, 0, 0, 2, 'w']
[32, 128, 64, 32, 8, 16, 32, 16, 0, 0, 2, 2, 0, 2, 0, 0, 'w']
[32, 128, 64, 32, 8, 16, 32, 16, 0, 2, 2, 2, 0, 0, 0, 2, 'w']
[32, 128, 64, 32, 8, 16, 32, 16, 4, 2, 2, 4, 0, 0, 0, 0, 'd']
[32, 128, 64, 32, 8, 16, 32, 16, 0, 4, 4, 4, 2, 0, 0, 0, 'a']
[32, 128, 64, 32, 8, 16, 32, 16, 8, 4, 2, 0, 2, 0, 0, 0, 'w']
[32, 128, 64, 32, 16, 16, 32, 16, 2, 4, 2, 0, 0, 0, 2, 0, 'a']
[32, 128, 64, 32, 32, 32, 16, 0, 2, 4, 2, 0, 2, 0, 4, 0, 'w']
[64, 128, 64, 32, 4, 32, 16, 0, 0, 4, 2, 0, 0, 2, 4, 0, 'd']
[64, 128, 64, 32, 0, 4, 32, 16, 0, 0, 4, 2, 2, 0, 2, 4, 'w']
[64, 128, 64, 32, 2, 4, 32, 16, 0, 2, 4, 2, 0, 0, 2, 4, 'a']
[64, 128, 64, 32, 2, 4, 32, 16, 2, 4, 2, 2, 2, 4, 0, 0, 'w']
[64, 128, 64, 32, 4, 8, 32, 16, 2, 4, 2, 2, 0, 0, 0, 2, 'w']
[64, 128, 64, 32, 4, 8, 32, 16, 2, 4, 2, 4, 4, 0, 0, 0, 'd']
[64, 128, 64, 32, 4, 8, 32, 16, 2, 4, 2, 4, 2, 0, 0, 4, 'w']
[64, 128, 64, 32, 4, 8, 32, 16, 4, 4, 2, 8, 2, 0, 0, 0, 'w']
[64, 128, 64, 32, 8, 8, 32, 16, 2, 4, 2, 8, 0, 0, 0, 4, 'd']
[64, 128, 64, 32, 0, 16, 32, 16, 2, 4, 2, 8, 0, 0, 2, 4, 'w']
[64, 128, 64, 32, 2, 16, 32, 16, 0, 4, 4, 8, 0, 0, 2, 4, 'd']
[64, 128, 64, 32, 2, 16, 32, 16, 2, 0, 8, 8, 0, 0, 2, 4, 'w']
[64, 128, 64, 32, 4, 16, 32, 16, 0, 0, 8, 8, 2, 0, 2, 4, 'w']
[64, 128, 64, 32, 4, 16, 32, 16, 2, 0, 8, 8, 0, 2, 2, 4, 'w']
[64, 128, 64, 32, 4, 16, 32, 16, 2, 2, 8, 8, 2, 0, 2, 4, 'a']
[64, 128, 64, 32, 4, 16, 32, 16, 4, 16, 0, 2, 4, 4, 0, 0, 'w']
[64, 128, 64, 32, 8, 32, 32, 16, 4, 4, 0, 2, 0, 0, 0, 2, 'a']
[64, 128, 64, 32, 8, 64, 16, 0, 8, 2, 2, 0, 2, 0, 0, 0, 'w']
[64, 128, 64, 32, 16, 64, 16, 0, 2, 2, 2, 0, 4, 0, 0, 0, 'd']
[64, 128, 64, 32, 0, 16, 64, 16, 0, 0, 2, 4, 0, 2, 0, 4, 'w']
[64, 128, 128, 32, 0, 16, 2, 16, 0, 2, 0, 8, 0, 0, 0, 2, 'd']
[2, 64, 256, 32, 0, 16, 2, 16, 0, 0, 2, 8, 0, 0, 0, 2, 'w']
[2, 64, 256, 32, 0, 16, 4, 16, 0, 0, 0, 8, 0, 0, 2, 2, 'w']
[2, 64, 256, 32, 0, 16, 4, 16, 0, 2, 2, 8, 0, 0, 0, 2, 'd']
[2, 64, 256, 32, 0, 16, 4, 16, 0, 0, 4, 8, 0, 4, 0, 2, 'w']
[2, 64, 256, 32, 2, 16, 8, 16, 0, 4, 0, 8, 0, 0, 0, 2, 'w']
[4, 64, 256, 32, 2, 16, 8, 16, 0, 4, 0, 8, 0, 0, 0, 2, 'd']
[4, 64, 256, 32, 2, 16, 8, 16, 0, 0, 4, 8, 2, 0, 0, 2, 'w']
[4, 64, 256, 32, 4, 16, 8, 16, 0, 0, 4, 8, 2, 0, 0, 2, 'w']
[8, 64, 256, 32, 2, 16, 8, 16, 0, 2, 4, 8, 0, 0, 0, 2, 'a']
[8, 64, 256, 32, 2, 16, 8, 16, 2, 4, 8, 0, 2, 0, 2, 0, 'w']
[8, 64, 256, 32, 4, 16, 16, 16, 2, 4, 2, 0, 4, 0, 0, 0, 'd']
[8, 64, 256, 32, 0, 4, 16, 32, 2, 2, 4, 2, 0, 0, 0, 4, 'w']
[8, 64, 256, 64, 2, 4, 16, 2, 4, 2, 4, 4, 0, 0, 0, 0, 'd']
[8, 64, 256, 64, 2, 4, 16, 2, 4, 4, 2, 8, 0, 0, 0, 0, 'w']
[8, 64, 256, 64, 2, 8, 16, 2, 4, 0, 2, 8, 4, 0, 0, 0, 'w']
[8, 64, 256, 64, 2, 8, 16, 2, 8, 2, 2, 8, 0, 0, 0, 0, 'd']
[8, 64, 256, 64, 2, 8, 16, 2, 0, 8, 4, 8, 0, 0, 2, 0, 'w']
[8, 64, 256, 64, 2, 16, 16, 2, 0, 0, 4, 8, 0, 2, 2, 0, 'a']
[8, 64, 256, 64, 2, 32, 2, 0, 4, 8, 4, 0, 4, 0, 0, 0, 'd']
[8, 64, 256, 64, 2, 2, 32, 2, 0, 4, 8, 4, 0, 0, 0, 4, 'w']
[8, 64, 256, 64, 2, 2, 32, 2, 0, 4, 8, 8, 2, 0, 0, 0, 'w']
[8, 64, 256, 64, 4, 2, 32, 2, 0, 4, 8, 8, 0, 2, 0, 0, 'd']
[8, 64, 256, 64, 4, 2, 32, 2, 0, 2, 4, 16, 0, 0, 0, 2, 'w']
[8, 64, 256, 64, 4, 4, 32, 2, 0, 0, 4, 16, 0, 2, 0, 2, 'a']
[8, 64, 256, 64, 8, 32, 2, 0, 4, 16, 0, 0, 4, 2, 0, 0, 'd']
[8, 64, 256, 64, 0, 8, 32, 2, 0, 0, 4, 16, 0, 2, 4, 2, 'w']
[8, 64, 256, 64, 0, 8, 32, 2, 0, 2, 8, 16, 2, 0, 0, 2, 'w']
[8, 64, 256, 64, 2, 8, 32, 2, 0, 2, 8, 16, 0, 0, 2, 2, 'd']
[8, 64, 256, 64, 2, 8, 32, 2, 0, 2, 8, 16, 0, 0, 2, 4, 'a']
[8, 64, 256, 64, 2, 8, 32, 2, 2, 8, 16, 0, 2, 4, 0, 2, 'w']
[8, 64, 256, 64, 4, 16, 32, 4, 2, 4, 16, 0, 0, 0, 2, 0, 'd']
[8, 64, 256, 64, 4, 16, 32, 4, 0, 2, 4, 16, 0, 4, 0, 2, 'd']
[8, 64, 256, 64, 4, 16, 32, 4, 0, 2, 4, 16, 2, 0, 4, 2, 'w']
[8, 64, 256, 64, 4, 16, 32, 4, 2, 2, 8, 16, 2, 0, 0, 2, 'w']
[8, 64, 256, 64, 4, 16, 32, 4, 4, 2, 8, 16, 0, 2, 0, 2, 'w']
[8, 64, 256, 64, 8, 16, 32, 4, 0, 4, 8, 16, 0, 4, 0, 2, 'w']
[16, 64, 256, 64, 0, 16, 32, 4, 0, 8, 8, 16, 0, 2, 0, 2, 'd']
[16, 64, 256, 64, 0, 16, 32, 4, 2, 0, 16, 16, 0, 0, 0, 4, 'w']
[16, 64, 256, 64, 2, 16, 32, 4, 2, 0, 16, 16, 0, 0, 0, 4, 'w']
[16, 64, 256, 64, 4, 16, 32, 4, 0, 0, 16, 16, 2, 0, 0, 4, 'w']
[16, 64, 256, 64, 4, 16, 32, 4, 2, 0, 16, 16, 0, 4, 0, 4, 'a']
[16, 64, 256, 64, 4, 16, 32, 4, 2, 32, 0, 0, 8, 4, 0, 0, 'd']
[16, 64, 256, 64, 4, 16, 32, 4, 0, 2, 2, 32, 0, 0, 8, 4, 'd']
[16, 64, 256, 64, 4, 16, 32, 4, 0, 0, 4, 32, 4, 0, 8, 4, 'w']
[16, 64, 256, 64, 8, 16, 32, 4, 0, 0, 4, 32, 0, 2, 8, 4, 'w']
[16, 64, 256, 64, 8, 16, 32, 4, 0, 2, 4, 32, 2, 0, 8, 4, 'w']
[16, 64, 256, 64, 8, 16, 32, 4, 2, 2, 4, 32, 2, 0, 8, 4, 'w']
[16, 64, 256, 64, 8, 16, 32, 4, 4, 2, 4, 32, 0, 4, 8, 4, 'a']
[16, 64, 256, 64, 8, 16, 32, 4, 4, 2, 4, 32, 4, 8, 4, 2, 'w']
[16, 64, 256, 64, 8, 16, 32, 4, 8, 2, 8, 32, 2, 8, 0, 2, 'w']
[16, 64, 256, 64, 16, 16, 32, 4, 2, 2, 8, 32, 0, 8, 4, 2, 'w']
[32, 64, 256, 64, 2, 16, 32, 4, 0, 2, 8, 32, 2, 8, 4, 2, 'w']
[32, 64, 256, 64, 4, 16, 32, 4, 2, 2, 8, 32, 0, 8, 4, 2, 'a']
[32, 64, 256, 64, 4, 16, 32, 4, 4, 8, 32, 2, 8, 4, 2, 0, 'w']
[32, 64, 256, 64, 8, 16, 64, 4, 8, 8, 2, 2, 0, 4, 0, 4, 'a']
[32, 64, 256, 64, 8, 16, 64, 4, 16, 4, 0, 0, 8, 0, 2, 0, 'w']
[32, 64, 256, 64, 8, 16, 64, 4, 16, 4, 2, 0, 8, 0, 4, 0, 'd']
[32, 64, 256, 64, 8, 16, 64, 4, 2, 16, 4, 2, 0, 0, 8, 4, 'w']
[32, 64, 256, 64, 8, 32, 64, 4, 2, 0, 4, 2, 2, 0, 8, 4, 'w']
[32, 64, 256, 64, 8, 32, 64, 4, 4, 2, 4, 2, 0, 0, 8, 4, 'a']
[32, 64, 256, 64, 8, 32, 64, 4, 4, 2, 4, 2, 8, 4, 0, 2, 'w']
[32, 64, 256, 64, 8, 32, 64, 4, 4, 2, 4, 4, 8, 4, 2, 0, 'w']
[32, 64, 256, 64, 8, 32, 64, 8, 4, 2, 4, 0, 8, 4, 2, 2, 'a']
[32, 64, 256, 64, 8, 32, 64, 8, 4, 2, 4, 2, 8, 4, 4, 0, 'w']
[32, 64, 256, 64, 8, 32, 64, 8, 4, 2, 8, 2, 8, 4, 4, 0, 'd']
[32, 64, 256, 64, 8, 32, 64, 8, 4, 2, 8, 2, 0, 2, 8, 8, 'w']
[32, 64, 256, 64, 8, 32, 64, 8, 4, 4, 16, 2, 2, 0, 0, 8, 'd']
[32, 64, 256, 64, 8, 32, 64, 8, 0, 8, 16, 2, 4, 0, 2, 8, 'w']
[32, 64, 256, 64, 8, 32, 64, 8, 4, 8, 16, 2, 0, 2, 2, 8, 'd']
[32, 64, 256, 64, 8, 32, 64, 8, 4, 8, 16, 2, 2, 0, 4, 8, 'd']
[32, 64, 256, 64, 8, 32, 64, 8, 4, 8, 16, 2, 2, 2, 4, 8, 'd']
[32, 64, 256, 64, 8, 32, 64, 8, 4, 8, 16, 2, 2, 4, 4, 8, 'a']
[32, 64, 256, 64, 8, 32, 64, 8, 4, 8, 16, 2, 2, 8, 8, 4, 'a']
[32, 64, 256, 64, 8, 32, 64, 8, 4, 8, 16, 2, 2, 16, 4, 2, 'w']
