[0, 0, 0, 0, 0, 0, 0, 0, 0, 4, 0, 0, 0, 2, 0, 0, 'a']
[0, 0, 0, 0, 0, 0, 0, 0, 4, 2, 0, 0, 2, 0, 0, 0, 's']
[0, 0, 0, 0, 0, 0, 0, 0, 4, 0, 2, 0, 2, 2, 0, 0, 'a']
[0, 0, 0, 0, 0, 0, 0, 0, 4, 2, 0, 0, 4, 0, 2, 0, 's']
[0, 0, 0, 0, 0, 2, 0, 0, 0, 0, 0, 0, 8, 2, 2, 0, 'a']
[0, 0, 0, 2, 2, 0, 0, 0, 0, 0, 0, 0, 8, 4, 0, 0, 's']
[0, 0, 0, 0, 0, 0, 0, 0, 2, 0, 0, 0, 8, 4, 4, 2, 'a']
[0, 0, 0, 2, 0, 0, 0, 0, 2, 0, 0, 0, 8, 8, 2, 0, 'a']
[2, 0, 0, 0, 0, 0, 0, 0, 2, 0, 0, 2, 16, 2, 0, 0, 's']
[2, 0, 0, 0, 0, 0, 0, 0, 4, 0, 0, 0, 16, 2, 0, 2, 'a']
[2, 0, 0, 0, 0, 0, 0, 0, 4, 0, 2, 0, 16, 4, 0, 0, 'a']
[2, 0, 0, 0, 0, 0, 0, 0, 4, 2, 2, 0, 16, 4, 0, 0, 'a']
[2, 0, 0, 2, 0, 0, 0, 0, 4, 4, 0, 0, 16, 4, 0, 0, 'a']
[4, 0, 0, 0, 0, 0, 0, 2, 8, 0, 0, 0, 16, 4, 0, 0, 's']
[0, 0, 0, 0, 4, 0, 0, 0, 8, 2, 0, 0, 16, 4, 0, 2, 'a']
[2, 0, 0, 0, 4, 0, 0, 0, 8, 2, 0, 0, 16, 4, 2, 0, 'd']
[0, 0, 0, 2, 0, 0, 0, 4, 2, 0, 8, 2, 0, 16, 4, 2, 'a']
[2, 0, 0, 0, 4, 2, 0, 0, 2, 8, 2, 0, 16, 4, 2, 0, 's']
[2, 0, 0, 0, 4, 2, 0, 0, 2, 8, 0, 2, 16, 4, 4, 0, 'a']
[2, 0, 2, 0, 4, 2, 0, 0, 2, 8, 2, 0, 16, 8, 0, 0, 's']
[2, 0, 0, 0, 4, 0, 0, 0, 2, 2, 0, 2, 16, 16, 4, 0, 'a']
[2, 0, 0, 0, 4, 0, 4, 0, 4, 2, 0, 0, 32, 4, 0, 0, 's']
[0, 0, 0, 2, 2, 0, 0, 0, 8, 2, 0, 0, 32, 4, 4, 0, 's']
[0, 0, 0, 0, 2, 0, 0, 0, 8, 2, 0, 2, 32, 4, 4, 2, 'a']
[0, 0, 0, 0, 2, 0, 0, 0, 8, 4, 0, 2, 32, 8, 2, 0, 's']
[0, 0, 0, 0, 2, 0, 0, 2, 8, 4, 0, 0, 32, 8, 2, 2, 'a']
[0, 0, 0, 0, 4, 0, 0, 0, 8, 4, 4, 0, 32, 8, 4, 0, 's']
[0, 2, 0, 0, 4, 0, 0, 0, 8, 4, 0, 0, 32, 8, 8, 0, 'a']
[2, 2, 0, 0, 4, 0, 0, 0, 8, 4, 0, 0, 32, 16, 0, 0, 'a']
[4, 0, 0, 0, 4, 0, 0, 0, 8, 4, 0, 2, 32, 16, 0, 0, 's']
[0, 0, 0, 0, 8, 2, 0, 0, 8, 4, 0, 0, 32, 16, 0, 2, 'a']
[0, 0, 0, 0, 8, 2, 0, 0, 8, 4, 0, 2, 32, 16, 2, 0, 'a']
[0, 0, 0, 0, 8, 2, 0, 0, 8, 4, 2, 0, 32, 16, 2, 2, 's']
[0, 0, 0, 0, 0, 2, 0, 0, 16, 4, 2, 0, 32, 16, 4, 2, 'a']
[0, 0, 0, 0, 2, 2, 0, 0, 16, 4, 2, 0, 32, 16, 4, 2, 'a']
[2, 0, 0, 0, 4, 0, 0, 0, 16, 4, 2, 0, 32, 16, 4, 2, 'd']
[2, 0, 0, 2, 0, 0, 0, 4, 0, 16, 4, 2, 32, 16, 4, 2, 's']
[2, 0, 0, 0, 0, 0, 0, 2, 2, 0, 0, 4, 32, 32, 8, 4, 'a']
[2, 0, 0, 0, 2, 0, 0, 0, 2, 4, 2, 0, 64, 8, 4, 0, 's']
[0, 0, 0, 0, 2, 2, 0, 0, 4, 4, 2, 0, 64, 8, 4, 0, 'a']
[0, 2, 0, 0, 4, 0, 0, 0, 8, 2, 0, 0, 64, 8, 4, 0, 'a']
[2, 2, 0, 0, 4, 0, 0, 0, 8, 2, 0, 0, 64, 8, 4, 0, 'a']
[4, 0, 0, 0, 4, 0, 0, 0, 8, 2, 2, 0, 64, 8, 4, 0, 's']
[0, 0, 0, 2, 8, 0, 0, 0, 8, 2, 2, 0, 64, 8, 4, 0, 's']
[0, 0, 0, 2, 0, 0, 0, 0, 16, 2, 2, 0, 64, 8, 4, 2, 'a']
[2, 0, 0, 0, 0, 0, 0, 0, 16, 4, 0, 4, 64, 8, 4, 2, 'a']
[2, 0, 0, 0, 0, 0, 0, 0, 16, 8, 0, 2, 64, 8, 4, 2, 'a']
[2, 0, 0, 0, 2, 0, 0, 0, 16, 8, 2, 0, 64, 8, 4, 2, 's']
[0, 0, 0, 0, 4, 0, 0, 0, 16, 0, 2, 2, 64, 16, 4, 2, 'a']
[0, 0, 0, 0, 4, 0, 0, 2, 16, 4, 0, 0, 64, 16, 4, 2, 'a']
[0, 0, 0, 2, 4, 2, 0, 0, 16, 4, 0, 0, 64, 16, 4, 2, 'a']
[2, 0, 0, 2, 4, 2, 0, 0, 16, 4, 0, 0, 64, 16, 4, 2, 'a']
[4, 0, 0, 0, 4, 2, 2, 0, 16, 4, 0, 0, 64, 16, 4, 2, 's']
[2, 0, 0, 0, 8, 2, 0, 0, 16, 4, 2, 0, 64, 16, 4, 2, 'w']
[2, 2, 2, 2, 8, 4, 4, 0, 16, 16, 0, 2, 64, 0, 0, 0, 'a']
[4, 4, 0, 0, 8, 8, 2, 0, 32, 2, 0, 0, 64, 0, 0, 0, 'a']
[8, 0, 0, 0, 16, 2, 0, 0, 32, 2, 0, 2, 64, 0, 0, 0, 'w']
[8, 4, 0, 2, 16, 0, 0, 0, 32, 0, 0, 0, 64, 0, 4, 0, 'a']
[8, 4, 2, 0, 16, 0, 0, 0, 32, 0, 2, 0, 64, 4, 0, 0, 'w']
[8, 8, 4, 0, 16, 0, 0, 0, 32, 0, 0, 2, 64, 0, 0, 0, 'a']
[16, 4, 0, 0, 16, 2, 0, 0, 32, 2, 0, 0, 64, 0, 0, 0, 'w']
[32, 4, 0, 0, 32, 4, 2, 0, 64, 0, 0, 0, 0, 0, 0, 0, 'w']
[64, 8, 2, 0, 64, 0, 0, 0, 0, 0, 0, 0, 0, 2, 0, 0, 'w']
[128, 8, 2, 0, 0, 2, 0, 0, 0, 0, 0, 2, 0, 0, 0, 0]
