[2, 0, 0, 0, 0, 0, 0, 0, 4, 0, 0, 0, 0, 0, 0, 0, 'd']
[2, 0, 0, 2, 0, 0, 0, 0, 0, 0, 0, 4, 0, 0, 0, 0, 'a']
[4, 0, 0, 0, 0, 2, 0, 0, 4, 0, 0, 0, 0, 0, 0, 0, 'a']
[4, 0, 0, 0, 2, 0, 0, 0, 4, 0, 0, 0, 0, 2, 0, 0, 'a']
[4, 0, 2, 0, 2, 0, 0, 0, 4, 0, 0, 0, 2, 0, 0, 0, 's']
[4, 0, 2, 0, 2, 0, 0, 0, 4, 0, 0, 0, 2, 0, 2, 0, 's']
[4, 0, 0, 0, 2, 0, 0, 0, 4, 0, 2, 0, 2, 0, 4, 0, 'd']
[0, 0, 0, 4, 0, 0, 0, 2, 0, 0, 4, 2, 2, 0, 2, 4, 's']
[0, 2, 0, 0, 0, 0, 0, 4, 0, 0, 4, 4, 2, 0, 2, 4, 'a']
[2, 0, 4, 0, 4, 0, 0, 0, 8, 0, 0, 0, 4, 4, 0, 0, 'a']
[2, 4, 0, 0, 4, 0, 0, 0, 8, 0, 0, 2, 8, 0, 0, 0, 'a']
[2, 4, 0, 0, 4, 2, 0, 0, 8, 2, 0, 0, 8, 0, 0, 0, 'd']
[0, 0, 2, 4, 0, 0, 4, 2, 0, 0, 8, 2, 0, 2, 0, 8, 'a']
[2, 4, 0, 0, 4, 2, 0, 0, 8, 2, 0, 2, 2, 8, 0, 0, 's']
[2, 0, 0, 0, 4, 4, 0, 0, 8, 4, 0, 2, 2, 8, 0, 2, 'a']
[2, 0, 0, 0, 8, 0, 0, 0, 8, 4, 2, 0, 2, 8, 2, 4, 's']
[0, 0, 0, 0, 2, 0, 2, 0, 16, 4, 0, 0, 2, 8, 4, 4, 's']
[0, 0, 0, 2, 2, 0, 0, 0, 16, 4, 2, 0, 2, 8, 4, 4, 's']
[0, 0, 0, 0, 2, 2, 0, 0, 16, 4, 2, 2, 2, 8, 4, 4, 'a']
[2, 0, 0, 0, 4, 0, 0, 0, 16, 4, 4, 0, 2, 8, 8, 0, 'd']
[0, 0, 0, 2, 0, 4, 0, 4, 0, 0, 16, 8, 0, 0, 2, 16, 's']
[0, 0, 0, 2, 0, 0, 0, 4, 0, 2, 16, 8, 0, 4, 2, 16, 'w']
[2, 2, 16, 2, 0, 4, 2, 4, 0, 0, 0, 8, 0, 0, 0, 16, 'a']
[4, 16, 2, 2, 4, 2, 4, 0, 8, 0, 0, 0, 16, 0, 0, 0, 's']
[2, 0, 0, 0, 8, 0, 0, 0, 8, 16, 2, 0, 16, 2, 4, 2, 's']
[0, 0, 2, 0, 2, 0, 0, 0, 16, 16, 2, 0, 16, 2, 4, 2, 'a']
[2, 2, 0, 0, 2, 0, 0, 0, 32, 2, 0, 0, 16, 2, 4, 2, 'a']
[4, 0, 0, 0, 2, 0, 0, 4, 32, 2, 0, 0, 16, 2, 4, 2, 'a']
[4, 0, 0, 0, 2, 4, 0, 0, 32, 2, 0, 2, 16, 2, 4, 2, 'a']
[4, 0, 0, 0, 2, 4, 0, 0, 32, 4, 2, 0, 16, 2, 4, 2, 's']
[4, 0, 0, 0, 2, 2, 0, 0, 32, 8, 2, 0, 16, 2, 4, 2, 'a']
[4, 0, 0, 0, 4, 0, 0, 2, 32, 8, 2, 0, 16, 2, 4, 2, 'a']
[4, 0, 0, 0, 4, 2, 0, 2, 32, 8, 2, 0, 16, 2, 4, 2, 's']
[0, 0, 2, 0, 8, 2, 0, 0, 32, 8, 2, 0, 16, 2, 4, 4, 'a']
[2, 0, 0, 0, 8, 2, 0, 0, 32, 8, 2, 0, 16, 2, 8, 4, 'w']
[2, 2, 2, 4, 8, 8, 8, 0, 32, 2, 0, 0, 16, 2, 0, 0, 'a']
[4, 2, 4, 0, 16, 8, 0, 2, 32, 2, 0, 0, 16, 2, 0, 0, 'a']
[4, 2, 4, 0, 16, 8, 2, 0, 32, 2, 2, 0, 16, 2, 0, 0, 'a']
[4, 2, 4, 0, 16, 8, 2, 2, 32, 4, 0, 0, 16, 2, 0, 0, 'a']
[4, 2, 4, 0, 16, 8, 4, 2, 32, 4, 0, 0, 16, 2, 0, 0, 's']
[4, 2, 0, 0, 16, 8, 0, 0, 32, 4, 2, 0, 16, 2, 8, 2, 'w']
[4, 2, 2, 2, 16, 8, 8, 0, 32, 4, 2, 0, 16, 2, 0, 0, 'a']
[4, 4, 2, 0, 16, 16, 0, 0, 32, 4, 2, 0, 16, 2, 0, 2, 's']
[4, 4, 0, 4, 16, 16, 0, 0, 32, 4, 0, 0, 16, 2, 4, 2, 's']
[4, 4, 0, 0, 16, 16, 2, 0, 32, 4, 0, 4, 16, 2, 4, 2, 's']
[4, 4, 2, 0, 16, 16, 0, 0, 32, 4, 2, 4, 16, 2, 4, 2, 'a']
[8, 2, 2, 0, 32, 0, 0, 0, 32, 4, 2, 4, 16, 2, 4, 2, 's']
[2, 0, 0, 0, 8, 2, 0, 0, 64, 4, 4, 4, 16, 2, 4, 2, 's']
[2, 0, 0, 0, 8, 2, 0, 4, 64, 4, 0, 4, 16, 2, 8, 2, 'a']
[2, 0, 2, 0, 8, 2, 4, 0, 64, 8, 0, 0, 16, 2, 8, 2, 's']
[2, 0, 0, 0, 8, 2, 2, 0, 64, 8, 4, 2, 16, 2, 8, 2, 'a']
[2, 2, 0, 0, 8, 4, 0, 0, 64, 8, 4, 2, 16, 2, 8, 2, 's']
[2, 2, 0, 0, 8, 4, 0, 0, 64, 8, 4, 4, 16, 2, 8, 4, 'a']
[4, 0, 0, 0, 8, 4, 0, 2, 64, 8, 8, 0, 16, 2, 8, 4, 'a']
[4, 0, 0, 0, 8, 4, 2, 2, 64, 16, 0, 0, 16, 2, 8, 4, 'a']
[4, 0, 0, 0, 8, 4, 4, 0, 64, 16, 2, 0, 16, 2, 8, 4, 'a']
[4, 0, 0, 0, 8, 8, 4, 0, 64, 16, 2, 0, 16, 2, 8, 4, 'a']
[4, 0, 2, 0, 16, 4, 0, 0, 64, 16, 2, 0, 16, 2, 8, 4, 's']
[4, 0, 0, 0, 16, 4, 0, 0, 64, 16, 4, 2, 16, 2, 8, 4, 'w']
[4, 4, 4, 2, 16, 16, 8, 4, 64, 2, 0, 0, 16, 0, 2, 0, 'a']
[8, 4, 2, 0, 32, 8, 4, 2, 64, 2, 0, 0, 16, 2, 0, 0, 's']
[8, 0, 0, 0, 32, 4, 0, 0, 64, 8, 2, 2, 16, 4, 4, 2, 's']
[8, 0, 0, 0, 32, 4, 0, 0, 64, 8, 2, 2, 16, 4, 4, 4, 'd']
[0, 0, 0, 8, 4, 0, 32, 4, 0, 64, 8, 4, 0, 16, 4, 8, 'a']
[8, 0, 0, 2, 4, 32, 4, 0, 64, 8, 4, 0, 16, 4, 8, 0, 'a']
[8, 2, 0, 0, 4, 32, 4, 0, 64, 8, 4, 2, 16, 4, 8, 0, 'd']
[2, 0, 8, 2, 0, 4, 32, 4, 64, 8, 4, 2, 0, 16, 4, 8, 'a']
[2, 8, 2, 2, 4, 32, 4, 0, 64, 8, 4, 2, 16, 4, 8, 0, 'a']
[2, 8, 4, 0, 4, 32, 4, 0, 64, 8, 4, 2, 16, 4, 8, 4, 'd']
[4, 2, 8, 4, 0, 4, 32, 4, 64, 8, 4, 2, 16, 4, 8, 4, 's']
[0, 2, 8, 2, 4, 4, 32, 8, 64, 8, 4, 2, 16, 4, 8, 4, 'd']
[0, 2, 8, 2, 2, 8, 32, 8, 64, 8, 4, 2, 16, 4, 8, 4, 'a']
[2, 8, 2, 2, 2, 8, 32, 8, 64, 8, 4, 2, 16, 4, 8, 4, 'a']
[2, 8, 4, 2, 2, 8, 32, 8, 64, 8, 4, 2, 16, 4, 8, 4, 'w']
[4, 16, 4, 2, 64, 8, 32, 8, 16, 4, 4, 2, 2, 0, 8, 4, 'a']
[4, 16, 4, 2, 64, 8, 32, 8, 16, 8, 2, 0, 2, 8, 4, 2, 's']
[4, 4, 4, 0, 64, 16, 32, 2, 16, 8, 2, 8, 2, 16, 4, 2, 'a']
[8, 4, 2, 0, 64, 16, 32, 2, 16, 8, 2, 8, 2, 16, 4, 2, 'w']
[8, 4, 2, 2, 64, 16, 32, 8, 16, 8, 2, 2, 2, 16, 4, 2, 's']
[8, 4, 2, 4, 64, 16, 32, 2, 16, 8, 2, 8, 2, 16, 4, 4, 'd']
[8, 4, 2, 4, 64, 16, 32, 2, 16, 8, 2, 8, 2, 2, 16, 8, 's']
[8, 4, 2, 2, 64, 16, 32, 4, 16, 8, 2, 2, 2, 2, 16, 16, 'd']
[0, 8, 4, 4, 64, 16, 32, 4, 0, 16, 8, 4, 0, 2, 4, 32, 'a']
[8, 8, 2, 0, 64, 16, 32, 4, 16, 8, 4, 0, 2, 4, 32, 0, 'a']
[16, 2, 4, 0, 64, 16, 32, 4, 16, 8, 4, 0, 2, 4, 32, 0, 'd']
[0, 16, 2, 4, 64, 16, 32, 4, 0, 16, 8, 4, 2, 2, 4, 32, 'a']
[16, 2, 4, 2, 64, 16, 32, 4, 16, 8, 4, 0, 4, 4, 32, 0, 's']
[16, 2, 4, 0, 64, 16, 32, 2, 16, 8, 4, 2, 4, 4, 32, 4, 's']
[16, 2, 4, 2, 64, 16, 32, 0, 16, 8, 4, 4, 4, 4, 32, 4, 's']
[16, 2, 4, 0, 64, 16, 32, 2, 16, 8, 4, 2, 4, 4, 32, 8, 's']
[16, 2, 4, 0, 64, 16, 32, 2, 16, 8, 4, 4, 4, 4, 32, 8, 'd']
[2, 16, 2, 4, 64, 16, 32, 2, 0, 16, 8, 8, 0, 8, 32, 8, 'a']
[2, 16, 2, 4, 64, 16, 32, 2, 16, 16, 0, 4, 8, 32, 8, 0, 'a']
[2, 16, 2, 4, 64, 16, 32, 2, 32, 4, 0, 0, 8, 32, 8, 2, 'd']
[2, 16, 2, 4, 64, 16, 32, 2, 2, 0, 32, 4, 8, 32, 8, 2, 'a']
[2, 16, 2, 4, 64, 16, 32, 2, 2, 32, 4, 2, 8, 32, 8, 2, 'w']
[2, 32, 2, 4, 64, 64, 32, 4, 2, 0, 4, 2, 8, 2, 8, 0, 's']
[2, 0, 2, 0, 64, 32, 32, 4, 2, 64, 4, 8, 8, 2, 8, 2, 'd']
[2, 0, 0, 4, 0, 64, 64, 4, 2, 64, 4, 8, 8, 2, 8, 2, 's']
[0, 0, 2, 0, 0, 0, 64, 8, 4, 128, 4, 8, 8, 2, 8, 2, 's']
[0, 0, 2, 0, 0, 0, 64, 2, 4, 128, 4, 16, 8, 2, 8, 2, 'a']
[2, 4, 0, 0, 64, 2, 0, 0, 4, 128, 4, 16, 8, 2, 8, 2, 'd']
[0, 2, 2, 4, 0, 0, 64, 2, 4, 128, 4, 16, 8, 2, 8, 2, 's']
[2, 0, 2, 4, 0, 2, 64, 2, 4, 128, 4, 16, 8, 2, 8, 2, 's']
[2, 0, 2, 4, 2, 2, 64, 2, 4, 128, 4, 16, 8, 2, 8, 2, 's']
[2, 0, 2, 4, 4, 2, 64, 2, 4, 128, 4, 16, 8, 2, 8, 2, 'a']
[4, 4, 2, 0, 4, 2, 64, 2, 4, 128, 4, 16, 8, 2, 8, 2, 's']
[0, 4, 2, 2, 4, 2, 64, 2, 8, 128, 4, 16, 8, 2, 8, 2, 'a']
[4, 4, 0, 2, 4, 2, 64, 2, 8, 128, 4, 16, 8, 2, 8, 2, 'a']
[8, 2, 0, 2, 4, 2, 64, 2, 8, 128, 4, 16, 8, 2, 8, 2, 's']
[0, 2, 0, 0, 8, 4, 64, 4, 4, 128, 4, 16, 16, 2, 8, 2, 'a']
[2, 2, 0, 0, 8, 4, 64, 4, 4, 128, 4, 16, 16, 2, 8, 2, 'a']
[4, 2, 0, 0, 8, 4, 64, 4, 4, 128, 4, 16, 16, 2, 8, 2, 'd']
[2, 0, 4, 2, 8, 4, 64, 4, 4, 128, 4, 16, 16, 2, 8, 2, 'w']
[2, 4, 4, 2, 8, 128, 64, 4, 4, 2, 4, 16, 16, 2, 8, 2, 'a']
[2, 8, 2, 2, 8, 128, 64, 4, 4, 2, 4, 16, 16, 2, 8, 2, 'a']
[2, 8, 4, 2, 8, 128, 64, 4, 4, 2, 4, 16, 16, 2, 8, 2, 'w']
[2, 8, 4, 2, 8, 128, 64, 4, 4, 4, 4, 16, 16, 2, 8, 2, 'd']
[2, 8, 4, 2, 8, 128, 64, 4, 2, 4, 8, 16, 16, 2, 8, 2, 'w']
[2, 8, 4, 2, 8, 128, 64, 4, 2, 4, 16, 16, 16, 2, 2, 2, 'd']
[2, 8, 4, 2, 8, 128, 64, 4, 2, 2, 4, 32, 0, 16, 2, 4, 'a']
[2, 8, 4, 2, 8, 128, 64, 4, 4, 4, 32, 0, 16, 2, 4, 2, 'a']
[2, 8, 4, 2, 8, 128, 64, 4, 8, 32, 2, 0, 16, 2, 4, 2, 's']
[4, 8, 4, 0, 2, 128, 64, 2, 16, 32, 2, 4, 16, 2, 4, 2, 'd']
[4, 4, 8, 4, 2, 128, 64, 2, 16, 32, 2, 4, 16, 2, 4, 2, 'a']
[8, 8, 4, 2, 2, 128, 64, 2, 16, 32, 2, 4, 16, 2, 4, 2, 'a']
[16, 4, 2, 2, 2, 128, 64, 2, 16, 32, 2, 4, 16, 2, 4, 2, 's']
[2, 4, 2, 0, 16, 128, 64, 4, 2, 32, 2, 4, 32, 2, 4, 2, 'd']
[2, 2, 4, 2, 16, 128, 64, 4, 2, 32, 2, 4, 32, 2, 4, 2, 'a']
[4, 4, 2, 2, 16, 128, 64, 4, 2, 32, 2, 4, 32, 2, 4, 2, 'a']
[8, 4, 0, 2, 16, 128, 64, 4, 2, 32, 2, 4, 32, 2, 4, 2, 'a']
[8, 4, 2, 2, 16, 128, 64, 4, 2, 32, 2, 4, 32, 2, 4, 2, 'a']
[8, 4, 4, 2, 16, 128, 64, 4, 2, 32, 2, 4, 32, 2, 4, 2, 'a']
[8, 8, 2, 2, 16, 128, 64, 4, 2, 32, 2, 4, 32, 2, 4, 2, 'a']
[16, 4, 2, 0, 16, 128, 64, 4, 2, 32, 2, 4, 32, 2, 4, 2, 's']
[0, 4, 2, 0, 32, 128, 64, 2, 2, 32, 2, 8, 32, 2, 4, 2, 'a']
[4, 2, 0, 2, 32, 128, 64, 2, 2, 32, 2, 8, 32, 2, 4, 2, 's']
[4, 2, 2, 0, 32, 128, 64, 4, 2, 32, 2, 8, 32, 2, 4, 2, 'a']
[4, 4, 4, 0, 32, 128, 64, 4, 2, 32, 2, 8, 32, 2, 4, 2, 'a']
[8, 4, 2, 0, 32, 128, 64, 4, 2, 32, 2, 8, 32, 2, 4, 2, 'w']
[8, 4, 2, 4, 32, 128, 64, 8, 2, 32, 2, 2, 32, 2, 4, 2, 's']
[8, 4, 2, 2, 32, 128, 64, 4, 2, 32, 2, 8, 32, 2, 4, 4, 'a']
[8, 4, 4, 2, 32, 128, 64, 4, 2, 32, 2, 8, 32, 2, 8, 0, 'a']
[8, 8, 2, 2, 32, 128, 64, 4, 2, 32, 2, 8, 32, 2, 8, 0, 'a']
[16, 4, 0, 2, 32, 128, 64, 4, 2, 32, 2, 8, 32, 2, 8, 0, 'a']
[16, 4, 2, 0, 32, 128, 64, 4, 2, 32, 2, 8, 32, 2, 8, 2, 'w']
[16, 4, 2, 4, 32, 128, 64, 8, 2, 32, 2, 2, 32, 2, 8, 2, 's']
[16, 4, 2, 2, 32, 128, 64, 4, 2, 32, 2, 8, 32, 2, 8, 4, 'a']
[16, 4, 4, 2, 32, 128, 64, 4, 2, 32, 2, 8, 32, 2, 8, 4, 'a']
[16, 8, 2, 2, 32, 128, 64, 4, 2, 32, 2, 8, 32, 2, 8, 4, 'd']
[2, 16, 8, 4, 32, 128, 64, 4, 2, 32, 2, 8, 32, 2, 8, 4, 's']
[2, 16, 8, 2, 32, 128, 64, 8, 2, 32, 2, 8, 32, 2, 8, 4, 's']
[2, 16, 8, 2, 32, 128, 64, 2, 2, 32, 2, 16, 32, 2, 8, 4, 's']
