[0, 0, 0, 0, 0, 0, 0, 0, 2, 2, 0, 0, 0, 0, 0, 0, 'a']
[0, 0, 0, 0, 0, 0, 2, 0, 4, 0, 0, 0, 0, 0, 0, 0, 'a']
[0, 0, 0, 0, 2, 0, 0, 0, 4, 0, 0, 0, 0, 0, 0, 2, 's']
[0, 0, 0, 0, 0, 0, 2, 0, 2, 0, 0, 0, 4, 0, 0, 2, 's']
[0, 2, 0, 0, 0, 0, 0, 0, 2, 0, 0, 0, 4, 0, 2, 2, 'a']
[2, 0, 0, 0, 0, 0, 2, 0, 2, 0, 0, 0, 4, 4, 0, 0, 'a']
[2, 0, 0, 0, 2, 0, 0, 0, 2, 0, 0, 0, 8, 4, 0, 0, 'w']
[4, 4, 0, 0, 2, 0, 0, 2, 8, 0, 0, 0, 0, 0, 0, 0, 'a']
[8, 0, 0, 0, 4, 0, 0, 0, 8, 2, 0, 0, 0, 0, 0, 0, 'w']
[8, 2, 0, 0, 4, 0, 0, 2, 8, 0, 0, 0, 0, 0, 0, 0, 's']
[0, 0, 0, 0, 8, 0, 0, 2, 4, 0, 0, 0, 8, 2, 0, 2, 's']
[0, 0, 0, 0, 8, 4, 0, 0, 4, 0, 0, 0, 8, 2, 0, 4, 's']
[0, 0, 0, 0, 8, 0, 0, 0, 4, 4, 2, 0, 8, 2, 0, 4, 's']
[0, 2, 0, 0, 8, 0, 0, 0, 4, 4, 0, 0, 8, 2, 2, 4, 'a']
[2, 0, 0, 0, 8, 0, 0, 0, 8, 0, 0, 2, 8, 4, 4, 0, 'a']
[2, 0, 0, 0, 8, 0, 0, 2, 8, 2, 0, 0, 8, 8, 0, 0, 'a']
[2, 0, 0, 0, 8, 2, 0, 0, 8, 2, 2, 0, 16, 0, 0, 0, 's']
[4, 0, 0, 0, 2, 0, 0, 0, 16, 0, 0, 0, 16, 4, 2, 0, 'w']
[4, 4, 2, 0, 2, 0, 0, 0, 32, 0, 4, 0, 0, 0, 0, 0, 's']
[0, 0, 0, 0, 4, 0, 0, 0, 2, 0, 2, 2, 32, 4, 4, 0, 'a']
[0, 0, 0, 0, 4, 0, 0, 0, 4, 2, 2, 0, 32, 8, 0, 0, 'a']
[0, 2, 0, 0, 4, 0, 0, 0, 4, 4, 0, 0, 32, 8, 0, 0, 's']
[0, 2, 0, 0, 0, 2, 0, 0, 8, 4, 0, 0, 32, 8, 0, 0, 's']
[0, 0, 0, 2, 0, 4, 0, 0, 8, 4, 0, 0, 32, 8, 0, 0, 's']
[0, 0, 0, 4, 0, 0, 0, 0, 8, 8, 0, 0, 32, 8, 0, 2, 's']
[0, 0, 0, 0, 2, 0, 0, 0, 8, 0, 0, 4, 32, 16, 0, 2, 'w']
[2, 16, 0, 4, 8, 0, 0, 2, 32, 0, 0, 0, 2, 0, 0, 0, 's']
[2, 0, 0, 0, 8, 0, 0, 0, 32, 0, 0, 4, 2, 16, 2, 2, 'w']
[2, 16, 2, 4, 8, 0, 2, 2, 32, 0, 0, 0, 2, 0, 0, 0, 's']
[2, 0, 0, 0, 8, 0, 2, 0, 32, 0, 0, 4, 2, 16, 4, 2, 's']
[2, 0, 0, 0, 8, 4, 0, 0, 32, 0, 2, 4, 2, 16, 4, 2, 'a']
[2, 0, 0, 0, 8, 4, 0, 4, 32, 2, 4, 0, 2, 16, 4, 2, 's']
[2, 2, 0, 0, 8, 4, 0, 0, 32, 2, 0, 4, 2, 16, 8, 2, 'w']
[2, 2, 8, 4, 8, 4, 0, 2, 32, 2, 0, 0, 2, 16, 2, 0, 'a']
[4, 8, 4, 0, 8, 4, 2, 0, 32, 2, 0, 0, 2, 16, 2, 2, 's']
[4, 8, 0, 0, 8, 4, 0, 0, 32, 2, 4, 4, 2, 16, 4, 2, 's']
[4, 8, 0, 4, 8, 4, 0, 0, 32, 2, 0, 4, 2, 16, 8, 2, 'a']
[4, 8, 4, 2, 8, 4, 0, 0, 32, 2, 4, 0, 2, 16, 8, 2, 's']
[4, 8, 0, 0, 8, 4, 2, 0, 32, 2, 8, 0, 2, 16, 8, 4, 's']
[4, 8, 0, 2, 8, 4, 0, 0, 32, 2, 2, 0, 2, 16, 16, 4, 'a']
[4, 8, 2, 0, 8, 4, 0, 0, 32, 4, 2, 0, 2, 32, 4, 0, 'w']
[4, 8, 4, 0, 8, 8, 4, 0, 32, 32, 0, 2, 2, 0, 0, 0, 's']
[4, 0, 0, 0, 8, 0, 2, 0, 32, 16, 0, 0, 2, 32, 8, 2, 'a']
[4, 0, 0, 0, 8, 2, 0, 0, 32, 16, 0, 2, 2, 32, 8, 2, 's']
[4, 2, 0, 0, 8, 2, 0, 0, 32, 16, 0, 0, 2, 32, 8, 4, 'w']
[4, 4, 8, 4, 8, 16, 0, 0, 32, 32, 0, 0, 2, 2, 0, 0, 'a']
[8, 8, 4, 0, 8, 16, 0, 2, 64, 0, 0, 0, 4, 0, 0, 0, 'a']
[16, 4, 0, 0, 8, 16, 2, 0, 64, 0, 2, 0, 4, 0, 0, 0, 'a']
[16, 4, 0, 2, 8, 16, 2, 0, 64, 2, 0, 0, 4, 0, 0, 0, 'a']
[16, 4, 2, 0, 8, 16, 2, 0, 64, 2, 0, 0, 4, 2, 0, 0, 'w']
[16, 4, 4, 0, 8, 16, 0, 0, 64, 4, 2, 0, 4, 0, 0, 0, 'a']
[16, 8, 0, 0, 8, 16, 0, 0, 64, 4, 2, 2, 4, 0, 0, 0, 'a']
[16, 8, 0, 0, 8, 16, 4, 0, 64, 4, 4, 0, 4, 0, 0, 0, 's']
[16, 0, 0, 0, 8, 8, 0, 0, 64, 16, 0, 2, 4, 4, 8, 0, 'a']
[16, 0, 0, 2, 16, 0, 0, 0, 64, 16, 2, 0, 8, 8, 0, 0, 'a']
[16, 2, 0, 4, 16, 0, 0, 0, 64, 16, 2, 0, 16, 0, 0, 0, 's']
[0, 0, 0, 4, 32, 0, 0, 0, 64, 2, 0, 0, 16, 16, 2, 4, 's']
[0, 0, 0, 0, 32, 2, 0, 0, 64, 2, 0, 0, 16, 16, 2, 8, 's']
[0, 0, 0, 2, 32, 0, 0, 0, 64, 4, 0, 0, 16, 16, 2, 8, 'a']
[2, 0, 0, 0, 32, 0, 0, 0, 64, 4, 0, 2, 32, 2, 8, 0, 's']
[2, 0, 0, 0, 32, 0, 0, 0, 64, 4, 0, 2, 32, 2, 8, 2, 's']
[2, 0, 0, 0, 32, 0, 0, 2, 64, 4, 0, 0, 32, 2, 8, 4, 'w']
[2, 4, 8, 2, 32, 2, 0, 4, 64, 0, 4, 0, 32, 0, 0, 0, 's']
[2, 0, 0, 0, 32, 0, 0, 4, 64, 4, 8, 2, 32, 2, 4, 4, 'a']
[2, 2, 0, 0, 32, 4, 0, 0, 64, 4, 8, 2, 32, 2, 8, 0, 'a']
[4, 4, 0, 0, 32, 4, 0, 0, 64, 4, 8, 2, 32, 2, 8, 0, 's']
[4, 0, 0, 0, 32, 4, 0, 0, 64, 8, 4, 0, 32, 2, 16, 2, 'w']
[4, 4, 4, 2, 32, 8, 16, 0, 64, 2, 0, 0, 32, 0, 2, 0, 'a']
[8, 4, 2, 0, 32, 8, 16, 0, 64, 2, 2, 0, 32, 2, 0, 0, 'a']
[8, 4, 2, 0, 32, 8, 16, 0, 64, 4, 0, 4, 32, 2, 0, 0, 'a']
[8, 4, 2, 0, 32, 8, 16, 2, 64, 8, 0, 0, 32, 2, 0, 0, 'w']
[8, 4, 2, 2, 32, 16, 16, 0, 64, 2, 0, 0, 32, 2, 0, 0, 'a']
[8, 4, 4, 0, 32, 32, 0, 0, 64, 2, 0, 0, 32, 2, 2, 0, 'a']
[8, 8, 0, 0, 64, 0, 0, 0, 64, 2, 0, 0, 32, 4, 2, 0, 'a']
[16, 0, 0, 0, 64, 0, 2, 0, 64, 2, 0, 0, 32, 4, 2, 0, 's']
[0, 0, 0, 0, 16, 2, 0, 0, 128, 2, 0, 0, 32, 4, 4, 0, 's']
[0, 0, 0, 0, 16, 2, 0, 0, 128, 4, 0, 0, 32, 4, 4, 0, 'a']
[0, 2, 0, 0, 16, 2, 0, 0, 128, 4, 0, 0, 32, 8, 0, 0, 's']
[0, 0, 0, 0, 16, 4, 0, 0, 128, 4, 0, 0, 32, 8, 0, 2, 's']
[0, 0, 0, 0, 16, 2, 0, 0, 128, 8, 0, 0, 32, 8, 0, 2, 's']
[0, 0, 0, 0, 16, 0, 0, 0, 128, 2, 0, 0, 32, 16, 2, 2, 'w']
[16, 2, 2, 2, 128, 16, 0, 0, 32, 0, 0, 0, 2, 0, 0, 0, 'a']
[16, 4, 2, 0, 128, 16, 0, 0, 32, 2, 0, 0, 2, 0, 0, 0, 's']
[16, 0, 0, 0, 128, 4, 0, 0, 32, 16, 0, 4, 2, 2, 2, 0, 's']
[16, 0, 0, 0, 128, 4, 0, 0, 32, 16, 0, 2, 2, 2, 2, 4, 'w']
[16, 4, 2, 2, 128, 16, 0, 4, 32, 2, 0, 0, 2, 0, 2, 0, 'a']
[16, 4, 4, 0, 128, 16, 4, 0, 32, 2, 0, 2, 4, 0, 0, 0, 'a']
[16, 8, 0, 0, 128, 16, 4, 0, 32, 4, 0, 4, 4, 0, 0, 0, 'a']
[16, 8, 0, 0, 128, 16, 4, 4, 32, 8, 0, 0, 4, 0, 0, 0, 's']
[16, 0, 0, 0, 128, 8, 0, 0, 32, 16, 2, 0, 4, 8, 4, 4, 'a']
[16, 0, 0, 0, 128, 8, 0, 2, 32, 16, 2, 0, 4, 8, 8, 0, 'a']
[16, 0, 0, 0, 128, 8, 2, 0, 32, 16, 2, 0, 4, 16, 0, 4, 's']
[16, 0, 0, 0, 128, 0, 0, 0, 32, 8, 2, 0, 4, 32, 4, 4, 'a']
[16, 0, 0, 0, 128, 0, 2, 0, 32, 8, 2, 0, 4, 32, 8, 0, 's']
[16, 0, 2, 0, 128, 0, 0, 0, 32, 8, 4, 0, 4, 32, 8, 0, 's']
[16, 0, 0, 0, 128, 0, 2, 2, 32, 8, 4, 0, 4, 32, 8, 0, 's']
[16, 0, 0, 2, 128, 0, 2, 0, 32, 8, 4, 0, 4, 32, 8, 2, 's']
[16, 0, 2, 0, 128, 0, 2, 0, 32, 8, 4, 0, 4, 32, 8, 4, 'a']
[16, 2, 0, 0, 128, 2, 0, 0, 32, 8, 4, 2, 4, 32, 8, 4, 'w']
[16, 4, 4, 2, 128, 8, 8, 4, 32, 32, 0, 0, 4, 0, 0, 2, 'a']
[16, 8, 2, 0, 128, 16, 4, 0, 64, 2, 0, 0, 4, 2, 0, 0, 'w']
[16, 8, 2, 0, 128, 16, 4, 0, 64, 4, 0, 0, 4, 0, 2, 0, 'a']
[16, 8, 2, 0, 128, 16, 4, 0, 64, 4, 2, 0, 4, 2, 0, 0, 's']
[16, 8, 0, 0, 128, 16, 2, 2, 64, 4, 4, 0, 4, 2, 2, 0, 'w']
[16, 8, 2, 2, 128, 16, 4, 0, 64, 4, 2, 0, 4, 2, 2, 0, 'w']
[16, 8, 2, 2, 128, 16, 4, 0, 64, 4, 4, 0, 4, 2, 0, 2, 'a']
[16, 8, 4, 2, 128, 16, 4, 0, 64, 8, 0, 0, 4, 4, 0, 0, 'a']
[16, 8, 4, 2, 128, 16, 4, 0, 64, 8, 4, 0, 8, 0, 0, 0, 'w']
[16, 8, 8, 2, 128, 16, 4, 2, 64, 8, 0, 0, 8, 0, 0, 0, 'a']
[16, 16, 2, 0, 128, 16, 4, 2, 64, 8, 0, 0, 8, 2, 0, 0, 'a']
[32, 2, 2, 0, 128, 16, 4, 2, 64, 8, 0, 0, 8, 2, 0, 0, 'a']
[32, 4, 0, 0, 128, 16, 4, 2, 64, 8, 2, 0, 8, 2, 0, 0, 'w']
[32, 4, 4, 2, 128, 16, 2, 4, 64, 8, 0, 0, 8, 2, 0, 0, 'a']
[32, 8, 2, 2, 128, 16, 2, 4, 64, 8, 0, 0, 8, 2, 0, 0, 's']
[32, 8, 0, 0, 128, 16, 0, 2, 64, 8, 0, 2, 8, 2, 4, 4, 's']
[32, 8, 2, 0, 128, 16, 0, 0, 64, 8, 0, 4, 8, 2, 4, 4, 's']
[32, 8, 0, 0, 128, 16, 0, 0, 64, 8, 2, 4, 8, 2, 4, 8, 'w']
[32, 8, 2, 4, 128, 16, 4, 8, 64, 8, 2, 0, 8, 2, 0, 0, 's']
[32, 8, 0, 0, 128, 16, 2, 2, 64, 8, 4, 4, 8, 2, 2, 8, 'a']
[32, 8, 2, 0, 128, 16, 4, 0, 64, 8, 8, 0, 8, 4, 8, 0, 'a']
[32, 8, 2, 0, 128, 16, 4, 0, 64, 16, 2, 0, 8, 4, 8, 0, 's']
[32, 0, 2, 0, 128, 8, 4, 0, 64, 32, 2, 4, 8, 4, 8, 0, 's']
[32, 0, 2, 0, 128, 8, 4, 0, 64, 32, 2, 2, 8, 4, 8, 4, 'w']
[32, 8, 2, 2, 128, 32, 4, 4, 64, 4, 2, 0, 8, 0, 8, 4, 'a']
[32, 8, 4, 0, 128, 32, 8, 0, 64, 4, 2, 0, 16, 4, 2, 0, 'w']
[32, 8, 4, 0, 128, 32, 8, 0, 64, 8, 4, 0, 16, 2, 0, 0, 's']
[32, 8, 2, 0, 128, 32, 4, 0, 64, 8, 8, 0, 16, 2, 4, 0, 'a']
[32, 8, 2, 4, 128, 32, 4, 0, 64, 16, 0, 0, 16, 2, 4, 0, 's']
[32, 8, 0, 0, 128, 32, 0, 0, 64, 16, 2, 4, 16, 2, 8, 4, 'w']
[32, 8, 2, 8, 128, 32, 8, 0, 64, 16, 0, 4, 16, 2, 0, 0, 's']
[32, 8, 2, 0, 128, 32, 0, 0, 64, 16, 2, 8, 16, 2, 8, 4, 'w']
[32, 8, 4, 8, 128, 32, 8, 4, 64, 16, 0, 0, 16, 2, 4, 0, 's']
[32, 8, 0, 2, 128, 32, 4, 0, 64, 16, 8, 8, 16, 2, 4, 4, 'w']
[32, 8, 4, 2, 128, 32, 8, 8, 64, 16, 4, 4, 16, 2, 0, 2, 'a']
[32, 8, 4, 2, 128, 32, 16, 2, 64, 16, 8, 0, 16, 4, 0, 0, 's']
[32, 8, 0, 2, 128, 32, 4, 0, 64, 16, 16, 0, 16, 4, 8, 4, 'a']
[32, 8, 2, 0, 128, 32, 4, 2, 64, 32, 0, 0, 16, 4, 8, 4, 's']
[32, 0, 2, 0, 128, 8, 2, 0, 64, 64, 4, 2, 16, 4, 8, 4, 'a']
[32, 2, 4, 0, 128, 8, 2, 0, 128, 4, 2, 0, 16, 4, 8, 4, 's']
[2, 0, 0, 0, 32, 2, 4, 0, 256, 8, 4, 0, 16, 8, 8, 4, 's']
[2, 0, 0, 2, 32, 0, 0, 0, 256, 2, 8, 0, 16, 16, 8, 4, 's']
[2, 0, 0, 0, 32, 0, 0, 0, 256, 2, 2, 2, 16, 16, 16, 4, 'a']
[2, 0, 0, 0, 32, 0, 2, 0, 256, 4, 2, 0, 32, 16, 4, 0, 's']
[2, 0, 0, 0, 32, 0, 0, 4, 256, 4, 4, 0, 32, 16, 4, 0, 's']
[2, 0, 0, 0, 32, 0, 2, 0, 256, 4, 0, 0, 32, 16, 8, 4, 'a']
[2, 0, 0, 0, 32, 2, 0, 0, 256, 4, 0, 2, 32, 16, 8, 4, 'w']
[2, 2, 8, 2, 32, 4, 2, 4, 256, 16, 0, 0, 32, 0, 0, 0, 'a']
[4, 8, 2, 0, 32, 4, 2, 4, 256, 16, 0, 2, 32, 0, 0, 0, 's']
[4, 0, 0, 0, 32, 8, 2, 0, 256, 4, 0, 4, 32, 16, 4, 2, 'a']
[4, 0, 0, 0, 32, 8, 2, 2, 256, 8, 0, 0, 32, 16, 4, 2, 's']
[4, 0, 0, 0, 32, 0, 0, 4, 256, 16, 2, 0, 32, 16, 4, 4, 'w']
[4, 32, 2, 8, 32, 2, 4, 0, 256, 0, 0, 0, 32, 0, 0, 0, 'd']
[4, 32, 2, 8, 0, 32, 2, 4, 0, 0, 0, 256, 0, 0, 2, 32, 's']
[0, 0, 0, 8, 4, 0, 0, 4, 0, 0, 2, 256, 4, 64, 4, 32, 's']
[0, 0, 0, 8, 0, 0, 0, 4, 2, 0, 2, 256, 8, 64, 4, 32, 'a']
[8, 4, 0, 0, 4, 0, 0, 0, 4, 256, 0, 0, 8, 64, 4, 32, 's']
[0, 0, 0, 2, 8, 4, 0, 0, 8, 256, 0, 0, 8, 64, 4, 32, 's']
[0, 0, 0, 0, 0, 4, 2, 0, 8, 256, 0, 2, 16, 64, 4, 32, 'a']
[0, 2, 0, 0, 4, 2, 0, 0, 8, 256, 2, 0, 16, 64, 4, 32, 's']
[0, 0, 0, 0, 4, 4, 2, 0, 8, 256, 2, 0, 16, 64, 4, 32, 'a']
[0, 0, 0, 0, 8, 2, 0, 0, 8, 256, 2, 2, 16, 64, 4, 32, 'a']
[0, 0, 0, 0, 8, 2, 0, 4, 8, 256, 4, 0, 16, 64, 4, 32, 'a']
[0, 0, 0, 0, 8, 2, 4, 0, 8, 256, 4, 4, 16, 64, 4, 32, 's']
[4, 0, 0, 0, 0, 2, 0, 0, 16, 256, 4, 4, 16, 64, 8, 32, 'a']
[4, 0, 0, 0, 2, 0, 0, 2, 16, 256, 8, 0, 16, 64, 8, 32, 'a']
[4, 0, 2, 0, 4, 0, 0, 0, 16, 256, 8, 0, 16, 64, 8, 32, 'a']
[4, 2, 0, 0, 4, 0, 0, 4, 16, 256, 8, 0, 16, 64, 8, 32, 's']
[0, 0, 0, 0, 0, 2, 0, 2, 8, 256, 0, 4, 32, 64, 16, 32, 'a']
[0, 0, 0, 0, 4, 0, 0, 0, 8, 256, 4, 2, 32, 64, 16, 32, 'd']
[0, 0, 0, 0, 4, 0, 0, 4, 8, 256, 4, 2, 32, 64, 16, 32, 'a']
[2, 0, 0, 0, 8, 0, 0, 0, 8, 256, 4, 2, 32, 64, 16, 32, 's']
[0, 0, 0, 0, 2, 0, 2, 0, 16, 256, 4, 2, 32, 64, 16, 32, 'a']
[0, 0, 0, 0, 4, 0, 2, 0, 16, 256, 4, 2, 32, 64, 16, 32, 'a']
[0, 0, 4, 0, 4, 2, 0, 0, 16, 256, 4, 2, 32, 64, 16, 32, 'a']
[4, 0, 0, 0, 4, 2, 2, 0, 16, 256, 4, 2, 32, 64, 16, 32, 'a']
[4, 0, 0, 2, 4, 4, 0, 0, 16, 256, 4, 2, 32, 64, 16, 32, 'a']
[4, 2, 0, 0, 8, 2, 0, 0, 16, 256, 4, 2, 32, 64, 16, 32, 's']
[4, 0, 0, 0, 8, 4, 2, 0, 16, 256, 4, 2, 32, 64, 16, 32, 'd']
[0, 0, 2, 4, 0, 8, 4, 2, 16, 256, 4, 2, 32, 64, 16, 32, 's']
[0, 0, 0, 0, 2, 8, 2, 4, 16, 256, 8, 4, 32, 64, 16, 32, 's']
[0, 0, 0, 2, 2, 8, 2, 0, 16, 256, 8, 8, 32, 64, 16, 32, 'a']
[2, 0, 0, 2, 2, 8, 2, 0, 16, 256, 16, 0, 32, 64, 16, 32, 's']
[2, 0, 0, 0, 4, 8, 0, 0, 16, 256, 2, 2, 32, 64, 32, 32, 'a']
[2, 0, 0, 2, 4, 8, 0, 0, 16, 256, 4, 0, 32, 64, 64, 0, 'a']
[4, 0, 0, 0, 4, 8, 0, 0, 16, 256, 4, 2, 32, 128, 0, 0, 'w']
[8, 8, 4, 2, 16, 256, 0, 0, 32, 128, 0, 0, 0, 0, 4, 0, 'a']
[16, 4, 2, 0, 16, 256, 0, 0, 32, 128, 0, 0, 4, 0, 2, 0, 'a']
[16, 4, 2, 0, 16, 256, 0, 0, 32, 128, 0, 2, 4, 2, 0, 0, 's']
[0, 4, 0, 0, 32, 256, 0, 0, 32, 128, 2, 0, 4, 2, 2, 2, 'w']
[64, 4, 4, 2, 4, 256, 0, 0, 0, 128, 0, 0, 0, 2, 2, 0, 'a']
[64, 8, 2, 0, 4, 256, 0, 0, 128, 0, 2, 0, 4, 0, 0, 0, 'a']
[64, 8, 2, 0, 4, 256, 4, 0, 128, 2, 0, 0, 4, 0, 0, 0, 'd']
[0, 64, 8, 2, 4, 4, 256, 4, 0, 0, 128, 2, 0, 0, 0, 4, 'a']
[64, 8, 2, 0, 8, 256, 4, 0, 128, 2, 0, 2, 4, 0, 0, 0, 'a']
[64, 8, 2, 0, 8, 256, 4, 2, 128, 4, 0, 0, 4, 0, 0, 0, 'w']
[64, 8, 2, 2, 8, 256, 4, 0, 128, 4, 0, 0, 4, 0, 2, 0, 'a']
[64, 8, 4, 0, 8, 256, 4, 0, 128, 4, 2, 0, 4, 2, 0, 0, 'w']
[64, 8, 8, 0, 8, 256, 2, 0, 128, 4, 0, 2, 4, 2, 0, 0, 'a']
[64, 16, 0, 0, 8, 256, 2, 0, 128, 4, 2, 2, 4, 2, 0, 0, 's']
[64, 16, 0, 0, 8, 256, 0, 2, 128, 4, 0, 0, 4, 2, 4, 2, 'w']
[64, 16, 4, 4, 8, 256, 0, 4, 128, 4, 0, 0, 4, 2, 0, 0, 's']
[64, 16, 0, 0, 8, 256, 2, 0, 128, 4, 0, 0, 4, 2, 4, 8, 'w']
[64, 16, 2, 8, 8, 256, 4, 0, 128, 4, 0, 0, 4, 2, 2, 0, 'a']
[64, 16, 2, 8, 8, 256, 4, 0, 128, 4, 0, 0, 4, 4, 0, 2, 'a']
[64, 16, 2, 8, 8, 256, 4, 0, 128, 4, 2, 0, 8, 2, 0, 0, 's']
[64, 16, 0, 2, 8, 256, 2, 0, 128, 4, 4, 0, 8, 2, 2, 8, 'w']
[64, 16, 2, 2, 8, 256, 4, 8, 128, 4, 2, 0, 8, 2, 0, 4, 'a']
[64, 16, 4, 2, 8, 256, 4, 8, 128, 4, 2, 0, 8, 2, 4, 0, 's']
[64, 16, 0, 0, 8, 256, 8, 4, 128, 4, 2, 2, 8, 2, 4, 8, 'w']
[64, 16, 8, 4, 8, 256, 2, 2, 128, 4, 4, 8, 8, 2, 0, 2, 'a']
[64, 16, 8, 4, 8, 256, 4, 0, 128, 8, 8, 0, 8, 4, 0, 2, 'a']
[64, 16, 8, 4, 8, 256, 4, 0, 128, 16, 2, 0, 8, 4, 2, 0, 'w']
[64, 16, 8, 4, 8, 256, 4, 0, 128, 16, 4, 0, 8, 4, 4, 0, 'a']
[64, 16, 8, 4, 8, 256, 4, 0, 128, 16, 4, 0, 8, 8, 2, 0, 'a']
[64, 16, 8, 4, 8, 256, 4, 0, 128, 16, 4, 0, 16, 2, 2, 0, 'a']
[64, 16, 8, 4, 8, 256, 4, 0, 128, 16, 4, 0, 16, 4, 0, 2, 's']
[64, 16, 0, 0, 8, 256, 2, 0, 128, 16, 8, 4, 16, 4, 8, 2, 'w']
[64, 16, 2, 4, 8, 256, 16, 2, 128, 16, 0, 0, 16, 4, 0, 2, 's']
[64, 16, 0, 4, 8, 256, 0, 0, 128, 16, 2, 4, 16, 4, 16, 4, 's']
[64, 16, 0, 0, 8, 256, 2, 0, 128, 16, 2, 4, 16, 4, 16, 8, 's']
[64, 16, 0, 0, 8, 256, 0, 2, 128, 16, 4, 4, 16, 4, 16, 8, 'a']
[64, 16, 0, 0, 8, 256, 2, 4, 128, 16, 8, 0, 16, 4, 16, 8, 's']
[64, 16, 4, 0, 8, 256, 2, 0, 128, 16, 8, 4, 16, 4, 16, 8, 'w']
[64, 16, 4, 4, 8, 256, 2, 8, 128, 16, 8, 2, 16, 4, 16, 0, 'a']
[64, 16, 8, 2, 8, 256, 2, 8, 128, 16, 8, 2, 16, 4, 16, 0, 's']
[64, 16, 8, 2, 8, 256, 2, 2, 128, 16, 8, 8, 16, 4, 16, 2, 'a']
[64, 16, 8, 2, 8, 256, 4, 4, 128, 16, 16, 0, 16, 4, 16, 2, 'a']
[64, 16, 8, 2, 8, 256, 8, 0, 128, 32, 0, 4, 16, 4, 16, 2, 's']
[64, 16, 0, 0, 8, 256, 2, 2, 128, 32, 16, 4, 16, 4, 16, 2, 's']
[64, 16, 2, 0, 8, 256, 0, 2, 128, 32, 2, 4, 16, 4, 32, 2, 's']
[64, 16, 2, 0, 8, 256, 0, 2, 128, 32, 4, 4, 16, 4, 32, 2, 's']
[64, 16, 0, 2, 8, 256, 2, 2, 128, 32, 4, 4, 16, 4, 32, 2, 'a']
[64, 16, 2, 0, 8, 256, 4, 4, 128, 32, 8, 0, 16, 4, 32, 2, 'a']
[64, 16, 2, 0, 8, 256, 8, 2, 128, 32, 8, 0, 16, 4, 32, 2, 'w']
[64, 16, 2, 4, 8, 256, 16, 2, 128, 32, 32, 0, 16, 4, 0, 0, 'a']
[64, 16, 2, 4, 8, 256, 16, 2, 128, 64, 0, 0, 16, 4, 2, 0, 'w']
[64, 16, 2, 4, 8, 256, 16, 2, 128, 64, 2, 0, 16, 4, 2, 0, 'w']
[64, 16, 2, 4, 8, 256, 16, 2, 128, 64, 4, 0, 16, 4, 2, 0, 's']
[64, 16, 2, 2, 8, 256, 16, 0, 128, 64, 4, 4, 16, 4, 2, 2, 'a']
[64, 16, 4, 4, 8, 256, 16, 0, 128, 64, 8, 0, 16, 4, 4, 0, 'a']
[64, 16, 8, 0, 8, 256, 16, 4, 128, 64, 8, 0, 16, 8, 0, 0, 'w']
[64, 16, 8, 4, 8, 256, 16, 0, 128, 64, 8, 4, 16, 8, 0, 0, 'w']
[64, 16, 8, 8, 8, 256, 16, 0, 128, 64, 8, 0, 16, 8, 0, 2, 'a']
[64, 16, 16, 0, 8, 256, 16, 4, 128, 64, 8, 0, 16, 8, 2, 0, 'a']
[64, 32, 2, 0, 8, 256, 16, 4, 128, 64, 8, 0, 16, 8, 2, 0, 's']
[64, 32, 2, 0, 8, 256, 16, 2, 128, 64, 8, 0, 16, 8, 2, 4, 'w']
[64, 32, 2, 2, 8, 256, 16, 4, 128, 64, 8, 0, 16, 8, 2, 2, 'a']
[64, 32, 4, 2, 8, 256, 16, 4, 128, 64, 8, 0, 16, 8, 4, 0, 's']
[64, 32, 4, 0, 8, 256, 16, 4, 128, 64, 8, 2, 16, 8, 4, 4, 'a']
[64, 32, 4, 2, 8, 256, 16, 4, 128, 64, 8, 2, 16, 8, 8, 0, 'a']
[64, 32, 4, 2, 8, 256, 16, 4, 128, 64, 8, 2, 16, 16, 0, 2, 's']
[64, 32, 0, 2, 8, 256, 4, 2, 128, 64, 16, 4, 16, 16, 8, 4, 's']
[64, 32, 2, 0, 8, 256, 4, 0, 128, 64, 16, 4, 16, 16, 8, 8, 'a']
[64, 32, 2, 2, 8, 256, 4, 0, 128, 64, 16, 4, 32, 16, 0, 0, 's']
[64, 32, 0, 0, 8, 256, 2, 2, 128, 64, 4, 2, 32, 16, 16, 4, 'a']
[64, 32, 0, 0, 8, 256, 4, 0, 128, 64, 4, 2, 32, 32, 4, 4, 'a']
[64, 32, 0, 0, 8, 256, 4, 0, 128, 64, 4, 2, 64, 8, 0, 2, 's']
[64, 32, 2, 0, 8, 256, 0, 0, 128, 64, 0, 0, 64, 8, 8, 4, 'a']
[64, 32, 2, 0, 8, 256, 0, 0, 128, 64, 0, 0, 64, 16, 4, 2, 'w']
[64, 32, 2, 2, 8, 256, 4, 0, 128, 64, 2, 0, 64, 16, 0, 0, 'a']
[64, 32, 4, 0, 8, 256, 4, 0, 128, 64, 2, 0, 64, 16, 2, 0, 'w']
[64, 32, 8, 2, 8, 256, 4, 0, 128, 64, 0, 0, 64, 16, 0, 0, 's']
[64, 32, 0, 0, 8, 256, 0, 2, 128, 64, 8, 0, 64, 16, 4, 2, 's']
[64, 32, 0, 0, 8, 256, 0, 2, 128, 64, 8, 0, 64, 16, 4, 4, 'a']
[64, 32, 2, 0, 8, 256, 2, 0, 128, 64, 8, 0, 64, 16, 8, 0, 's']
[64, 32, 0, 0, 8, 256, 0, 4, 128, 64, 4, 0, 64, 16, 16, 0, 'a']
[64, 32, 0, 0, 8, 256, 4, 0, 128, 64, 4, 0, 64, 32, 0, 2, 's']
[64, 32, 0, 0, 8, 256, 0, 2, 128, 64, 0, 0, 64, 32, 8, 2, 's']
[64, 32, 0, 0, 8, 256, 0, 0, 128, 64, 0, 2, 64, 32, 8, 4, 'a']
[64, 32, 0, 0, 8, 256, 0, 2, 128, 64, 2, 0, 64, 32, 8, 4, 'a']
[64, 32, 0, 0, 8, 256, 2, 0, 128, 64, 2, 2, 64, 32, 8, 4, 's']
[64, 32, 2, 0, 8, 256, 0, 0, 128, 64, 4, 2, 64, 32, 8, 4, 'w']
[64, 32, 2, 2, 8, 256, 4, 4, 128, 64, 8, 0, 64, 32, 2, 0, 'a']
[64, 32, 4, 0, 8, 256, 8, 0, 128, 64, 8, 2, 64, 32, 2, 0, 'w']
[64, 32, 4, 2, 8, 256, 16, 2, 128, 64, 2, 0, 64, 32, 0, 0, 'w']
[64, 32, 4, 4, 8, 256, 16, 0, 128, 64, 2, 2, 64, 32, 0, 0, 'a']
[64, 32, 8, 0, 8, 256, 16, 0, 128, 64, 4, 0, 64, 32, 0, 2, 'a']
[64, 32, 8, 0, 8, 256, 16, 2, 128, 64, 4, 0, 64, 32, 2, 0, 's']
[64, 32, 8, 0, 8, 256, 16, 2, 128, 64, 4, 0, 64, 32, 2, 2, 's']
[64, 32, 8, 2, 8, 256, 16, 0, 128, 64, 4, 0, 64, 32, 2, 4, 's']
[64, 32, 8, 4, 8, 256, 16, 0, 128, 64, 4, 2, 64, 32, 2, 4, 'w']
[64, 32, 8, 4, 8, 256, 16, 2, 128, 64, 4, 4, 64, 32, 2, 2, 'a']
[64, 32, 8, 4, 8, 256, 16, 2, 128, 64, 8, 0, 64, 32, 4, 2, 'w']
[64, 32, 8, 4, 8, 256, 16, 4, 128, 64, 8, 0, 64, 32, 4, 2, 'w']
[64, 32, 8, 8, 8, 256, 16, 2, 128, 64, 8, 2, 64, 32, 4, 0, 's']
[64, 32, 8, 2, 8, 256, 16, 0, 128, 64, 8, 8, 64, 32, 4, 4, 'a']
[64, 32, 8, 2, 8, 256, 16, 0, 128, 64, 16, 0, 64, 32, 8, 2, 'w']
[64, 32, 8, 4, 8, 256, 32, 4, 128, 64, 8, 0, 64, 32, 0, 0, 'w']
[64, 32, 8, 8, 8, 256, 32, 0, 128, 64, 8, 0, 64, 32, 0, 2, 'a']
[64, 32, 16, 0, 8, 256, 32, 0, 128, 64, 8, 2, 64, 32, 2, 0, 's']
[64, 32, 16, 0, 8, 256, 32, 0, 128, 64, 8, 2, 64, 32, 2, 2, 's']
[64, 32, 16, 0, 8, 256, 32, 2, 128, 64, 8, 0, 64, 32, 2, 4, 's']
[64, 32, 16, 2, 8, 256, 32, 0, 128, 64, 8, 2, 64, 32, 2, 4, 'w']
[64, 32, 16, 4, 8, 256, 32, 4, 128, 64, 8, 2, 64, 32, 2, 0, 's']
[64, 32, 16, 4, 8, 256, 32, 0, 128, 64, 8, 8, 64, 32, 2, 2, 'a']
[64, 32, 16, 4, 8, 256, 32, 0, 128, 64, 16, 0, 64, 32, 4, 2, 'w']
[64, 32, 16, 4, 8, 256, 32, 2, 128, 64, 16, 4, 64, 32, 4, 0, 'd']
[64, 32, 16, 4, 8, 256, 32, 2, 128, 64, 16, 4, 2, 64, 32, 4, 's']
[64, 0, 16, 2, 8, 32, 32, 4, 128, 256, 16, 2, 2, 128, 32, 8, 'a']
[64, 16, 2, 0, 8, 64, 4, 4, 128, 256, 16, 2, 2, 128, 32, 8, 'a']
[64, 16, 2, 2, 8, 64, 8, 0, 128, 256, 16, 2, 2, 128, 32, 8, 'a']
[64, 16, 4, 4, 8, 64, 8, 0, 128, 256, 16, 2, 2, 128, 32, 8, 'a']
[64, 16, 8, 2, 8, 64, 8, 0, 128, 256, 16, 2, 2, 128, 32, 8, 's']
[64, 16, 0, 0, 8, 64, 16, 4, 128, 256, 16, 4, 2, 128, 32, 8, 'w']
[64, 16, 32, 8, 8, 64, 32, 8, 128, 256, 2, 0, 2, 128, 0, 0, 'w']
[64, 16, 64, 16, 8, 64, 2, 2, 128, 256, 0, 0, 2, 128, 0, 0, 'a']
[64, 16, 64, 16, 8, 64, 4, 0, 128, 256, 0, 0, 2, 128, 0, 2, 'a']
[64, 16, 64, 16, 8, 64, 4, 0, 128, 256, 0, 2, 2, 128, 2, 0, 'a']
[64, 16, 64, 16, 8, 64, 4, 0, 128, 256, 2, 2, 2, 128, 2, 0, 's']
[64, 16, 2, 0, 8, 64, 64, 0, 128, 256, 4, 16, 2, 128, 4, 2, 'a']
[64, 16, 2, 4, 8, 128, 0, 0, 128, 256, 4, 16, 2, 128, 4, 2, 's']
[64, 16, 0, 0, 8, 128, 2, 4, 128, 256, 2, 16, 2, 128, 8, 2, 's']
[64, 16, 0, 2, 8, 128, 0, 4, 128, 256, 4, 16, 2, 128, 8, 2, 'a']
[64, 16, 2, 0, 8, 128, 4, 2, 128, 256, 4, 16, 2, 128, 8, 2, 'w']
[64, 16, 2, 2, 8, 128, 8, 16, 128, 256, 8, 2, 2, 128, 0, 2, 's']
[64, 16, 0, 0, 8, 128, 2, 2, 128, 256, 2, 16, 2, 128, 16, 4, 's']
[64, 16, 0, 0, 8, 128, 4, 2, 128, 256, 4, 16, 2, 128, 16, 4, 'w']
[64, 16, 8, 2, 8, 128, 16, 16, 128, 256, 0, 4, 2, 128, 2, 0, 'a']
[64, 16, 8, 2, 8, 128, 32, 2, 128, 256, 4, 0, 2, 128, 2, 0, 's']
[64, 16, 8, 0, 8, 128, 32, 0, 128, 256, 4, 2, 2, 128, 2, 4, 'w']
[64, 16, 8, 2, 8, 128, 32, 4, 128, 256, 4, 0, 2, 128, 2, 2, 'a']
[64, 16, 8, 2, 8, 128, 32, 4, 128, 256, 4, 0, 2, 128, 4, 2, 'w']
[64, 16, 8, 2, 8, 128, 32, 4, 128, 256, 8, 2, 2, 128, 2, 0, 'd']
[64, 16, 8, 2, 8, 128, 32, 4, 128, 256, 8, 2, 2, 2, 128, 2, 'a']
[64, 16, 8, 2, 8, 128, 32, 4, 128, 256, 8, 2, 4, 128, 2, 2, 's']
[64, 16, 8, 2, 8, 128, 32, 2, 128, 256, 8, 4, 4, 128, 2, 4, 'w']
[64, 16, 8, 4, 8, 128, 32, 8, 128, 256, 8, 0, 4, 128, 2, 2, 'a']
[64, 16, 8, 4, 8, 128, 32, 8, 128, 256, 8, 0, 4, 128, 4, 2, 's']
[64, 16, 8, 4, 8, 128, 32, 4, 128, 256, 8, 8, 4, 128, 4, 2, 'a']
[64, 16, 8, 4, 8, 128, 32, 4, 128, 256, 16, 2, 4, 128, 4, 2, 'w']
[64, 16, 8, 8, 8, 128, 32, 4, 128, 256, 16, 4, 4, 128, 4, 0, 's']
[64, 16, 8, 2, 8, 128, 32, 0, 128, 256, 16, 8, 4, 128, 4, 8, 's']
[64, 16, 8, 0, 8, 128, 32, 2, 128, 256, 16, 2, 4, 128, 4, 16, 's']
[64, 16, 8, 0, 8, 128, 32, 2, 128, 256, 16, 4, 4, 128, 4, 16, 'w']
[64, 16, 8, 2, 8, 128, 32, 4, 128, 256, 16, 16, 4, 128, 4, 2, 'a']
[64, 16, 8, 2, 8, 128, 32, 4, 128, 256, 32, 2, 4, 128, 4, 2, 'w']
[64, 16, 8, 2, 8, 128, 64, 4, 128, 256, 4, 4, 4, 128, 2, 0, 's']
[64, 16, 8, 2, 8, 128, 64, 0, 128, 256, 4, 2, 4, 128, 2, 8, 'w']
[64, 16, 8, 4, 8, 128, 64, 8, 128, 256, 4, 0, 4, 128, 2, 4, 'w']
[64, 16, 8, 4, 8, 128, 64, 8, 128, 256, 4, 4, 4, 128, 2, 4, 's']
[64, 16, 8, 4, 8, 128, 64, 4, 128, 256, 4, 8, 4, 128, 2, 8, 'w']
[64, 16, 8, 8, 8, 128, 64, 16, 128, 256, 4, 0, 4, 128, 2, 2, 'a']
[64, 16, 16, 0, 8, 128, 64, 16, 128, 256, 4, 0, 4, 128, 4, 2, 'a']
[64, 32, 2, 0, 8, 128, 64, 16, 128, 256, 4, 0, 4, 128, 4, 2, 'w']
[64, 32, 2, 16, 8, 128, 64, 2, 128, 256, 8, 4, 4, 128, 0, 0, 's']
[64, 32, 2, 0, 8, 128, 2, 16, 128, 256, 64, 2, 4, 128, 8, 4, 'w']
[64, 32, 4, 16, 8, 128, 64, 2, 128, 256, 8, 4, 4, 128, 4, 0, 'd']
[64, 32, 4, 16, 8, 128, 64, 2, 128, 256, 8, 4, 2, 4, 128, 4, 'w']
[64, 32, 4, 16, 8, 128, 64, 2, 128, 256, 8, 8, 2, 4, 128, 4, 'a']
[64, 32, 4, 16, 8, 128, 64, 2, 128, 256, 16, 2, 2, 4, 128, 4, 's']
[64, 32, 4, 2, 8, 128, 64, 16, 128, 256, 16, 4, 2, 4, 128, 4, 's']
[64, 32, 4, 2, 8, 128, 64, 2, 128, 256, 16, 16, 2, 4, 128, 8, 'a']
[64, 32, 4, 2, 8, 128, 64, 2, 128, 256, 32, 2, 2, 4, 128, 8, 's']
[64, 32, 4, 2, 8, 128, 64, 2, 128, 256, 32, 4, 2, 4, 128, 8, 's']
[64, 32, 4, 2, 8, 128, 64, 4, 128, 256, 32, 4, 2, 4, 128, 8, 's']
[64, 32, 4, 2, 8, 128, 64, 2, 128, 256, 32, 8, 2, 4, 128, 8, 'w']
[64, 32, 4, 4, 8, 128, 64, 16, 128, 256, 32, 2, 2, 4, 128, 0, 'a']
[64, 32, 8, 2, 8, 128, 64, 16, 128, 256, 32, 2, 2, 4, 128, 0, 'd']
[64, 32, 8, 2, 8, 128, 64, 16, 128, 256, 32, 2, 2, 2, 4, 128, 'a']
[64, 32, 8, 2, 8, 128, 64, 16, 128, 256, 32, 2, 4, 4, 128, 2, 's']
[64, 32, 8, 2, 8, 128, 64, 2, 128, 256, 32, 16, 4, 4, 128, 4, 'a']
[64, 32, 8, 2, 8, 128, 64, 2, 128, 256, 32, 16, 8, 128, 4, 2, 'w']
[64, 32, 8, 4, 8, 128, 64, 16, 128, 256, 32, 2, 8, 128, 4, 2, 's']
[64, 32, 8, 4, 8, 128, 64, 4, 128, 256, 32, 16, 8, 128, 4, 4, 'a']
[64, 32, 8, 4, 8, 128, 64, 4, 128, 256, 32, 16, 8, 128, 8, 4, 'w']
[64, 32, 8, 8, 8, 128, 64, 16, 128, 256, 32, 4, 8, 128, 8, 2, 'd']
[4, 64, 32, 16, 8, 128, 64, 16, 128, 256, 32, 4, 8, 128, 8, 2, 'w']
[4, 64, 32, 32, 8, 128, 64, 4, 128, 256, 32, 2, 8, 128, 8, 2, 'a']
[4, 64, 64, 4, 8, 128, 64, 4, 128, 256, 32, 2, 8, 128, 8, 2, 'a']
[4, 128, 4, 4, 8, 128, 64, 4, 128, 256, 32, 2, 8, 128, 8, 2, 's']
[4, 0, 4, 0, 8, 256, 64, 2, 128, 256, 32, 8, 8, 128, 8, 4, 'a']
[8, 0, 4, 0, 8, 256, 64, 2, 128, 256, 32, 8, 8, 128, 8, 4, 's']
[0, 0, 4, 2, 16, 0, 64, 2, 128, 512, 32, 8, 8, 128, 8, 4, 's']
[0, 0, 4, 0, 16, 2, 64, 4, 128, 512, 32, 8, 8, 128, 8, 4, 'a']
[4, 2, 0, 0, 16, 2, 64, 4, 128, 512, 32, 8, 8, 128, 8, 4, 's']
[4, 0, 2, 0, 16, 4, 64, 4, 128, 512, 32, 8, 8, 128, 8, 4, 'a']
[4, 2, 0, 2, 16, 4, 64, 4, 128, 512, 32, 8, 8, 128, 8, 4, 'd']
[4, 0, 4, 4, 16, 4, 64, 4, 128, 512, 32, 8, 8, 128, 8, 4, 's']
[4, 0, 4, 2, 16, 4, 64, 8, 128, 512, 32, 8, 8, 128, 8, 4, 'a']
[8, 2, 0, 2, 16, 4, 64, 8, 128, 512, 32, 8, 8, 128, 8, 4, 's']
[8, 2, 2, 0, 16, 4, 64, 2, 128, 512, 32, 16, 8, 128, 8, 4, 'd']
[0, 2, 8, 4, 16, 4, 64, 2, 128, 512, 32, 16, 8, 128, 8, 4, 'a']
[2, 8, 4, 2, 16, 4, 64, 2, 128, 512, 32, 16, 8, 128, 8, 4, 'w']
[2, 8, 4, 4, 16, 4, 64, 16, 128, 512, 32, 4, 8, 128, 8, 2, 'd']
[2, 2, 8, 8, 16, 4, 64, 16, 128, 512, 32, 4, 8, 128, 8, 2, 'a']
[4, 16, 0, 2, 16, 4, 64, 16, 128, 512, 32, 4, 8, 128, 8, 2, 'a']
[4, 16, 2, 2, 16, 4, 64, 16, 128, 512, 32, 4, 8, 128, 8, 2, 'd']
[2, 4, 16, 4, 16, 4, 64, 16, 128, 512, 32, 4, 8, 128, 8, 2, 'w']
[2, 8, 16, 4, 16, 512, 64, 16, 128, 128, 32, 4, 8, 2, 8, 2, 'a']
[2, 8, 16, 4, 16, 512, 64, 16, 256, 32, 4, 2, 8, 2, 8, 2, 'w']
[2, 8, 16, 4, 16, 512, 64, 16, 256, 32, 4, 4, 8, 2, 8, 2, 'a']
[2, 8, 16, 4, 16, 512, 64, 16, 256, 32, 8, 2, 8, 2, 8, 2, 'w']
[2, 8, 16, 4, 16, 512, 64, 16, 256, 32, 16, 4, 8, 2, 0, 4, 's']
[2, 8, 4, 0, 16, 512, 16, 4, 256, 32, 64, 16, 8, 2, 16, 8, 'd']
[2, 2, 8, 4, 16, 512, 16, 4, 256, 32, 64, 16, 8, 2, 16, 8, 's']
[2, 2, 8, 2, 16, 512, 16, 8, 256, 32, 64, 16, 8, 2, 16, 8, 'd']
[4, 4, 8, 2, 16, 512, 16, 8, 256, 32, 64, 16, 8, 2, 16, 8, 'd']
[2, 8, 8, 2, 16, 512, 16, 8, 256, 32, 64, 16, 8, 2, 16, 8, 'd']
[2, 2, 16, 2, 16, 512, 16, 8, 256, 32, 64, 16, 8, 2, 16, 8, 's']
[2, 2, 2, 2, 16, 512, 32, 8, 256, 32, 64, 16, 8, 2, 16, 8, 'a']
[4, 4, 0, 2, 16, 512, 32, 8, 256, 32, 64, 16, 8, 2, 16, 8, 'w']
[4, 4, 32, 2, 16, 512, 64, 8, 256, 32, 16, 16, 8, 2, 2, 8, 'a']
[8, 32, 2, 0, 16, 512, 64, 8, 256, 32, 32, 0, 8, 4, 8, 2, 's']
[8, 32, 2, 4, 16, 512, 64, 0, 256, 32, 32, 8, 8, 4, 8, 2, 'a']
[8, 32, 2, 4, 16, 512, 64, 0, 256, 64, 8, 2, 8, 4, 8, 2, 's']
[8, 32, 2, 0, 16, 512, 2, 0, 256, 64, 64, 4, 8, 4, 16, 4, 's']
[8, 32, 2, 0, 16, 512, 4, 0, 256, 64, 64, 0, 8, 4, 16, 8, 'a']
[8, 32, 2, 0, 16, 512, 4, 0, 256, 128, 2, 0, 8, 4, 16, 8, 'w']
[8, 32, 2, 8, 16, 512, 4, 2, 256, 128, 2, 0, 8, 4, 16, 0, 'd']
[8, 32, 2, 8, 16, 512, 4, 2, 2, 256, 128, 2, 0, 8, 4, 16, 's']
[2, 32, 2, 0, 8, 512, 4, 8, 16, 256, 128, 4, 2, 8, 4, 16, 'w']
[2, 32, 2, 8, 8, 512, 4, 4, 16, 256, 128, 16, 2, 8, 4, 2, 'd']
[2, 32, 2, 8, 2, 8, 512, 8, 16, 256, 128, 16, 2, 8, 4, 2, 'w']
[4, 32, 2, 16, 16, 8, 512, 16, 2, 256, 128, 2, 2, 8, 4, 0, 'w']
[4, 32, 2, 32, 16, 8, 512, 2, 4, 256, 128, 0, 0, 8, 4, 2, 'a']
[4, 32, 2, 32, 16, 8, 512, 2, 4, 256, 128, 0, 8, 4, 2, 2, 'a']
[4, 32, 2, 32, 16, 8, 512, 2, 4, 256, 128, 2, 8, 4, 4, 0, 'a']
[4, 32, 2, 32, 16, 8, 512, 2, 4, 256, 128, 2, 8, 8, 2, 0, 'a']
[4, 32, 2, 32, 16, 8, 512, 2, 4, 256, 128, 2, 16, 2, 0, 2, 'a']
[4, 32, 2, 32, 16, 8, 512, 2, 4, 256, 128, 2, 16, 4, 0, 4, 'a']
[4, 32, 2, 32, 16, 8, 512, 2, 4, 256, 128, 2, 16, 8, 2, 0, 'w']
[4, 32, 2, 32, 16, 8, 512, 4, 4, 256, 128, 0, 16, 8, 2, 2, 's']
[4, 32, 2, 2, 16, 8, 512, 32, 4, 256, 128, 4, 16, 8, 2, 2, 'd']
[0, 4, 32, 4, 16, 8, 512, 32, 4, 256, 128, 4, 4, 16, 8, 4, 's']
[0, 4, 32, 0, 2, 8, 512, 4, 16, 256, 128, 32, 8, 16, 8, 8, 'w']
[2, 4, 32, 4, 16, 8, 512, 32, 8, 256, 128, 8, 2, 16, 8, 0, 's']
[2, 4, 32, 2, 16, 8, 512, 4, 8, 256, 128, 32, 2, 16, 8, 8, 'd']
[2, 4, 32, 2, 16, 8, 512, 4, 8, 256, 128, 32, 2, 2, 16, 16, 'd']
[2, 4, 32, 2, 16, 8, 512, 4, 8, 256, 128, 32, 2, 0, 4, 32, 's']
[2, 2, 32, 0, 16, 4, 512, 2, 8, 8, 128, 4, 2, 256, 4, 64, 'a']
[4, 32, 0, 2, 16, 4, 512, 2, 16, 128, 4, 0, 2, 256, 4, 64, 's']
[2, 32, 0, 0, 4, 4, 0, 0, 32, 128, 512, 4, 2, 256, 8, 64, 'a']
[2, 32, 0, 0, 8, 0, 2, 0, 32, 128, 512, 4, 2, 256, 8, 64, 'a']
[2, 32, 0, 0, 8, 2, 0, 2, 32, 128, 512, 4, 2, 256, 8, 64, 'a']
[2, 32, 2, 0, 8, 4, 0, 0, 32, 128, 512, 4, 2, 256, 8, 64, 's']
[2, 32, 4, 0, 8, 4, 2, 0, 32, 128, 512, 4, 2, 256, 8, 64, 'd']
[2, 2, 32, 4, 0, 8, 4, 2, 32, 128, 512, 4, 2, 256, 8, 64, 'a']
[4, 32, 4, 0, 8, 4, 2, 2, 32, 128, 512, 4, 2, 256, 8, 64, 'a']
[4, 32, 4, 0, 8, 4, 4, 2, 32, 128, 512, 4, 2, 256, 8, 64, 'a']
[4, 32, 4, 2, 8, 8, 2, 0, 32, 128, 512, 4, 2, 256, 8, 64, 'a']
[4, 32, 4, 2, 16, 2, 2, 0, 32, 128, 512, 4, 2, 256, 8, 64, 'a']
[4, 32, 4, 2, 16, 4, 2, 0, 32, 128, 512, 4, 2, 256, 8, 64, 's']
[4, 32, 4, 2, 16, 4, 2, 2, 32, 128, 512, 4, 2, 256, 8, 64, 'a']
[4, 32, 4, 2, 16, 4, 4, 2, 32, 128, 512, 4, 2, 256, 8, 64, 'a']
[4, 32, 4, 2, 16, 8, 2, 2, 32, 128, 512, 4, 2, 256, 8, 64, 'a']
[4, 32, 4, 2, 16, 8, 4, 4, 32, 128, 512, 4, 2, 256, 8, 64, 'a']
[4, 32, 4, 2, 16, 8, 8, 4, 32, 128, 512, 4, 2, 256, 8, 64, 'a']
[4, 32, 4, 2, 16, 16, 4, 2, 32, 128, 512, 4, 2, 256, 8, 64, 'a']
[4, 32, 4, 2, 32, 4, 2, 4, 32, 128, 512, 4, 2, 256, 8, 64, 's']
[0, 32, 4, 2, 4, 4, 2, 2, 64, 128, 512, 8, 2, 256, 8, 64, 'a']
[32, 4, 2, 0, 8, 4, 2, 0, 64, 128, 512, 8, 2, 256, 8, 64, 's']
[32, 0, 0, 2, 8, 8, 4, 0, 64, 128, 512, 8, 2, 256, 8, 64, 'a']
[32, 2, 0, 0, 16, 4, 2, 0, 64, 128, 512, 8, 2, 256, 8, 64, 'd']
[0, 4, 32, 2, 0, 16, 4, 2, 64, 128, 512, 8, 2, 256, 8, 64, 'a']
[4, 32, 2, 2, 16, 4, 2, 0, 64, 128, 512, 8, 2, 256, 8, 64, 's']
[4, 32, 0, 2, 16, 4, 4, 2, 64, 128, 512, 8, 2, 256, 8, 64, 'a']
[4, 32, 2, 0, 16, 8, 2, 2, 64, 128, 512, 8, 2, 256, 8, 64, 'a']
[4, 32, 2, 4, 16, 8, 4, 0, 64, 128, 512, 8, 2, 256, 8, 64, 'd']
[4, 32, 2, 4, 2, 16, 8, 4, 64, 128, 512, 8, 2, 256, 8, 64, 's']
[4, 32, 2, 2, 2, 16, 8, 8, 64, 128, 512, 8, 2, 256, 8, 64, 'a']
[4, 32, 4, 2, 2, 16, 16, 0, 64, 128, 512, 8, 2, 256, 8, 64, 'a']
[4, 32, 4, 2, 2, 32, 0, 2, 64, 128, 512, 8, 2, 256, 8, 64, 's']
[4, 0, 2, 0, 2, 64, 4, 4, 64, 128, 512, 8, 2, 256, 8, 64, 'a']
[4, 2, 0, 0, 2, 64, 8, 2, 64, 128, 512, 8, 2, 256, 8, 64, 'd']
[2, 0, 4, 2, 2, 64, 8, 2, 64, 128, 512, 8, 2, 256, 8, 64, 's']
[0, 2, 4, 0, 4, 64, 8, 4, 64, 128, 512, 8, 2, 256, 8, 64, 'a']
[2, 4, 0, 4, 4, 64, 8, 4, 64, 128, 512, 8, 2, 256, 8, 64, 's']
[2, 4, 4, 0, 4, 64, 8, 8, 64, 128, 512, 8, 2, 256, 8, 64, 'a']
[2, 8, 0, 2, 4, 64, 16, 0, 64, 128, 512, 8, 2, 256, 8, 64, 'a']
[2, 8, 2, 0, 4, 64, 16, 2, 64, 128, 512, 8, 2, 256, 8, 64, 'd']
[4, 2, 8, 2, 4, 64, 16, 2, 64, 128, 512, 8, 2, 256, 8, 64, 's']
[2, 2, 8, 0, 8, 64, 16, 4, 64, 128, 512, 8, 2, 256, 8, 64, 'a']
[4, 8, 0, 4, 8, 64, 16, 4, 64, 128, 512, 8, 2, 256, 8, 64, 's']
[4, 8, 0, 4, 8, 64, 16, 8, 64, 128, 512, 8, 2, 256, 8, 64, 'a']
[4, 8, 4, 2, 8, 64, 16, 8, 64, 128, 512, 8, 2, 256, 8, 64, 's']
[4, 8, 4, 4, 8, 64, 16, 2, 64, 128, 512, 16, 2, 256, 8, 64, 'a']
[4, 8, 8, 4, 8, 64, 16, 2, 64, 128, 512, 16, 2, 256, 8, 64, 'a']
[4, 16, 4, 4, 8, 64, 16, 2, 64, 128, 512, 16, 2, 256, 8, 64, 'a']
[4, 16, 8, 2, 8, 64, 16, 2, 64, 128, 512, 16, 2, 256, 8, 64, 'w']
[4, 16, 8, 4, 8, 64, 16, 16, 64, 128, 512, 64, 2, 256, 8, 2, 'd']
[4, 16, 8, 4, 4, 8, 64, 32, 64, 128, 512, 64, 2, 256, 8, 2, 'w']
[8, 16, 8, 4, 64, 8, 64, 32, 2, 128, 512, 64, 2, 256, 8, 2, 'w']
